0.0
11583.0
28474.0
35017.0
33715.0
28835.0
18910.0
12379.0
23500.0
18426.0
25481.0
5651.0
20482.0
26392.0
22101.0
30232.0
42370.0
16549.0
22182.0
52228.0
40798.0
33710.0
29597.0
29365.0
31218.0
28721.0
24882.0
30433.0
10577.0
15706.0
29322.0
26697.0
31009.0
44501.0
26455.0
28842.0
38389.0
36456.0
33732.0
27856.0
37251.0
24003.0
18928.0
12139.0
10055.0
749.0
22958.0
5818.0
26962.0
29527.0
15065.0
26083.0
13285.0
45187.0
45100.0
26724.0
47639.0
35220.0
37312.0
22482.0
17922.0
22856.0
25581.0
24871.0
13454.0
30903.0
30447.0
3923.0
27046.0
4781.0
34970.0
7630.0
16903.0
4141.0
47078.0
43343.0
20539.0
41647.0
20793.0
27667.0
36666.0
13835.0
7884.0
18007.0
-1175.0
24941.0
10678.0
4010.0
14202.0
12161.0
4376.0
7940.0
21428.0
18384.0
18835.0
21058.0
17234.0
21417.0
22495.0
37691.0
3326.0
19974.0
41094.0
34049.0
33381.0
43356.0
24370.0
31237.0
30270.0
29122.0
14456.0
799.0
28235.0
7196.0
12429.0
41107.0
18707.0
13734.0
58306.0
31132.0
28863.0
24658.0
27977.0
53290.0
44716.0
39340.0
22105.0
22690.0
26348.0
7560.0
21988.0
24949.0
19745.0
11196.0
-822.0
23201.0
47895.0
25477.0
21281.0
30559.0
21407.0
26768.0
9625.0
7161.0
40922.0
25234.0
7886.0
15170.0
8888.0
4018.0
26369.0
11474.0
29299.0
7899.0
7375.0
34191.0
28462.0
31584.0
19857.0
25172.0
10502.0
29102.0
22951.0
4952.0
22294.0
27998.0
18493.0
10961.0
21158.0
18334.0
31279.0
28300.0
28339.0
16610.0
35215.0
14985.0
19021.0
31483.0
16097.0
37749.0
14398.0
12430.0
8641.0
20846.0
21381.0
11751.0
19921.0
16841.0
-595.0
30578.0
34536.0
-4939.0
15532.0
-5202.0
1218.0
12969.0
26814.0
46388.0
28824.0
22507.0
21398.0
31500.0
23496.0
20604.0
25079.0
26719.0
-8735.0
16225.0
20887.0
7864.0
18831.0
4839.0
24688.0
8601.0
2696.0
-8692.0
14695.0
26075.0
28434.0
32253.0
8204.0
-14760.0
2721.0
-13365.0
-16923.0
3895.0
4278.0
-551.0
7826.0
17585.0
27442.0
25548.0
-1285.0
4671.0
4694.0
29306.0
8117.0
5569.0
7883.0
-22977.0
8276.0
-715.0
16911.0
15215.0
16717.0
12793.0
-6090.0
13094.0
-7097.0
-2624.0
2276.0
13336.0
17153.0
29492.0
13450.0
-3092.0
28668.0
10518.0
8201.0
3869.0
4837.0
-6418.0
8127.0
24821.0
-7075.0
11570.0
21381.0
21965.0
6327.0
14169.0
21947.0
-18943.0
-13430.0
-23809.0
506.0
-515.0
7464.0
506.0
4893.0
10897.0
-5682.0
-1827.0
16338.0
9705.0
19527.0
26329.0
14367.0
-9393.0
3540.0
-25276.0
8239.0
-7067.0
-3586.0
15844.0
18862.0
10879.0
1422.0
24129.0
-105.0
14580.0
3545.0
-6628.0
-12132.0
-3566.0
-22246.0
-25071.0
33552.0
6306.0
-1913.0
-25206.0
-12394.0
-18036.0
9430.0
9111.0
5418.0
11703.0
3691.0
11426.0
3331.0
-24114.0
-19870.0
-2412.0
-17532.0
-10700.0
5298.0
18149.0
-15469.0
3191.0
-13342.0
6722.0
-8089.0
-23251.0
13410.0
26984.0
25235.0
3825.0
12240.0
21301.0
7709.0
18884.0
5448.0
-1871.0
8732.0
-4894.0
-3833.0
-7365.0
5323.0
-8863.0
1999.0
-1171.0
-9493.0
1805.0
-25415.0
-748.0
8040.0
-5607.0
-19438.0
6112.0
-2831.0
-20925.0
-19077.0
1081.0
12448.0
-2422.0
-19022.0
10943.0
-12479.0
-18101.0
-8193.0
-9364.0
20204.0
7932.0
-2765.0
-22401.0
-4478.0
-2537.0
-2801.0
10967.0
28405.0
30023.0
5845.0
20237.0
22717.0
8246.0
-21258.0
-30675.0
-10111.0
-15875.0
3778.0
22299.0
17845.0
6883.0
9583.0
17336.0
9014.0
774.0
-6549.0
-4974.0
19071.0
22576.0
12607.0
17441.0
15217.0
19184.0
-5425.0
10407.0
11668.0
10996.0
1845.0
22381.0
20612.0
664.0
-14423.0
-4972.0
-22504.0
-21241.0
-3825.0
-26519.0
-1437.0
-899.0
7723.0
7929.0
2475.0
29444.0
17559.0
-4747.0
-3921.0
-21565.0
-13904.0
-595.0
8745.0
9075.0
1124.0
154.0
240.0
-496.0
6373.0
23926.0
2915.0
3983.0
-1858.0
-18056.0
-11521.0
-2243.0
3930.0
10973.0
19165.0
-5818.0
-13975.0
3959.0
7622.0
-4542.0
-3483.0
13344.0
10724.0
9938.0
29168.0
18237.0
4453.0
-4985.0
24598.0
11145.0
-16885.0
-2583.0
-12694.0
-9767.0
8554.0
-8788.0
-12397.0
-20716.0
8364.0
75.0
18839.0
6127.0
-4471.0
-22491.0
925.0
19440.0
-12857.0
8319.0
22698.0
11364.0
11287.0
3850.0
-4037.0
28005.0
12053.0
4410.0
7171.0
-5127.0
17282.0
-8177.0
-3045.0
7960.0
-10.0
26641.0
12413.0
1573.0
-7059.0
5275.0
5811.0
10814.0
25879.0
-9661.0
-5486.0
-20594.0
-7381.0
7115.0
3235.0
-12452.0
-10990.0
-19734.0
-23395.0
-10443.0
-21371.0
2914.0
3226.0
-15526.0
-18465.0
-37857.0
-19502.0
541.0
13435.0
37898.0
12353.0
-15596.0
1212.0
-12215.0
-7526.0
-3437.0
27912.0
-5660.0
-13927.0
-895.0
9521.0
-2253.0
-13950.0
917.0
-12871.0
-27456.0
-5829.0
1943.0
9475.0
2073.0
-9256.0
-11855.0
-5316.0
5838.0
8985.0
18384.0
-15343.0
1841.0
8916.0
15413.0
8287.0
-12570.0
8965.0
-3235.0
5878.0
-7021.0
-2228.0
22225.0
-11068.0
-12801.0
-13642.0
-12138.0
-1259.0
-13100.0
13935.0
342.0
-3592.0
-18123.0
21267.0
13714.0
-5917.0
11675.0
2529.0
14422.0
18634.0
6373.0
8952.0
6838.0
-35.0
21571.0
-736.0
29340.0
10226.0
9728.0
23379.0
2162.0
2710.0
979.0
-4687.0
12858.0
7463.0
14986.0
-17521.0
-2481.0
14364.0
25661.0
18333.0
1409.0
-8779.0
-784.0
13730.0
-10678.0
3477.0
-16874.0
-11103.0
18732.0
5166.0
14411.0
14575.0
35835.0
16372.0
26427.0
14653.0
-3481.0
10145.0
17908.0
29928.0
14969.0
-8639.0
10988.0
-8027.0
-7588.0
25669.0
-11102.0
-7821.0
-14327.0
1338.0
4821.0
-869.0
-3949.0
-16438.0
11335.0
775.0
18990.0
18335.0
3311.0
9112.0
4902.0
20166.0
17361.0
25388.0
13640.0
5705.0
-8727.0
-12793.0
-924.0
7650.0
-11898.0
-1372.0
21800.0
6259.0
-1089.0
6307.0
15578.0
-10470.0
6659.0
13379.0
-63.0
16470.0
14264.0
7673.0
20513.0
19421.0
20896.0
22064.0
20278.0
24208.0
11920.0
24304.0
11887.0
3223.0
164.0
-8897.0
-7435.0
-3761.0
13103.0
15710.0
19415.0
13645.0
26322.0
12117.0
-532.0
10812.0
9230.0
-1690.0
16855.0
7949.0
6020.0
3010.0
-20916.0
-9253.0
-8178.0
13224.0
20520.0
26989.0
-10019.0
1452.0
-18292.0
-3131.0
-14476.0
18688.0
15957.0
-3424.0
3005.0
5771.0
-10883.0
435.0
-4483.0
9127.0
-4617.0
-8496.0
5146.0
-28515.0
-6464.0
-8649.0
7122.0
8543.0
13951.0
-2712.0
-30500.0
-4461.0
-13895.0
-8049.0
12938.0
19762.0
23991.0
-4323.0
-17400.0
17647.0
-7445.0
-13363.0
-2845.0
-8038.0
-2198.0
27203.0
-6594.0
6314.0
22949.0
12747.0
-2123.0
7843.0
3303.0
-18749.0
-12607.0
-23697.0
-14124.0
-16469.0
-14913.0
-11709.0
8143.0
17886.0
22384.0
6454.0
-14651.0
4819.0
5138.0
-18364.0
13383.0
-19379.0
-17738.0
-20221.0
16323.0
-11585.0
-8921.0
2982.0
-1695.0
8009.0
17778.0
26639.0
-3409.0
-6823.0
19395.0
9168.0
-593.0
2018.0
14163.0
8331.0
9351.0
-10430.0
12461.0
37024.0
-8142.0
-14672.0
-3093.0
8895.0
-19580.0
6776.0
-13805.0
3403.0
23271.0
12713.0
28320.0
21054.0
18828.0
-8548.0
-3608.0
-34460.0
-3907.0
-18603.0
15670.0
-1647.0
-21944.0
-11568.0
-36737.0
-9789.0
-16788.0
-1635.0
3833.0
17342.0
3026.0
7425.0
2997.0
10143.0
9568.0
-2609.0
-8686.0
1007.0
8606.0
-11746.0
-25661.0
7880.0
-12314.0
-2088.0
16899.0
2809.0
21972.0
-7745.0
1943.0
-631.0
2662.0
-617.0
7517.0
-23536.0
-35464.0
12828.0
-1524.0
-2917.0
3457.0
1074.0
12377.0
-1066.0
-1042.0
-10202.0
-6521.0
-3030.0
11296.0
-26650.0
-4453.0
-2239.0
-18410.0
-10577.0
22918.0
28084.0
143.0
-13008.0
3224.0
7553.0
-979.0
-1041.0
2456.0
32519.0
19185.0
15456.0
-9673.0
-638.0
-10195.0
-24647.0
-3905.0
-20139.0
-12756.0
-3461.0
-3809.0
-27891.0
-19843.0
11812.0
-9964.0
16416.0
-5048.0
-6420.0
18928.0
978.0
11688.0
-8010.0
-17887.0
-21398.0
-14556.0
-4432.0
-3084.0
-7503.0
2602.0
22118.0
-13198.0
-13723.0
-15652.0
-5144.0
-8807.0
-5074.0
-1754.0
13494.0
17703.0
12797.0
24474.0
27961.0
28278.0
1275.0
4272.0
27593.0
26448.0
-5934.0
4739.0
4683.0
-5007.0
-17335.0
7529.0
4977.0
4311.0
-27616.0
-7898.0
7542.0
12535.0
16568.0
7730.0
3045.0
5441.0
-12071.0
-5821.0
-3856.0
5631.0
2132.0
29760.0
17683.0
15738.0
498.0
-3738.0
6172.0
18716.0
15772.0
11419.0
3521.0
-12563.0
-27864.0
-9141.0
-20450.0
-33398.0
13990.0
-8435.0
-27771.0
-16173.0
-1251.0
-2472.0
12471.0
-4779.0
895.0
-8230.0
-5210.0
7415.0
2681.0
439.0
-10778.0
32204.0
18824.0
21041.0
9950.0
3149.0
9010.0
10226.0
-2652.0
415.0
2434.0
9691.0
-769.0
-11163.0
4462.0
9384.0
29052.0
29953.0
18665.0
-1900.0
-17443.0
-12729.0
-19152.0
-1521.0
8736.0
-8907.0
-6869.0
-8917.0
4163.0
-11169.0
-4602.0
-649.0
-298.0
-15765.0
-13284.0
-11765.0
-37982.0
-19091.0
-25523.0
-1716.0
10197.0
-1505.0
-25728.0
-18381.0
10300.0
-15443.0
2222.0
22100.0
8797.0
9700.0
1815.0
4935.0
-28917.0
-8498.0
-9548.0
-16029.0
176.0
-10325.0
-12208.0
1047.0
28923.0
35900.0
13391.0
10199.0
14995.0
-24992.0
12728.0
-539.0
32216.0
2847.0
19243.0
4617.0
-39717.0
-13187.0
8964.0
2326.0
-2197.0
9181.0
6342.0
-2585.0
2837.0
16170.0
14441.0
18934.0
19461.0
13847.0
4588.0
2935.0
13436.0
2500.0
9503.0
1460.0
-9564.0
-1005.0
-6590.0
26812.0
13558.0
24683.0
-13611.0
-20653.0
3258.0
7591.0
13114.0
-7529.0
-4832.0
-1930.0
-26882.0
778.0
-17105.0
430.0
5225.0
4014.0
-8779.0
-18512.0
20030.0
22846.0
6238.0
-9817.0
-18461.0
-14697.0
15025.0
6313.0
5348.0
3009.0
1921.0
8147.0
-1727.0
-1696.0
4184.0
6163.0
-10941.0
2317.0
-994.0
-701.0
6974.0
-13585.0
-26326.0
-26804.0
-5941.0
-24835.0
-9111.0
-5232.0
-10918.0
1292.0
15112.0
-2399.0
-28037.0
-21793.0
-3831.0
8956.0
9413.0
-3309.0
3890.0
-7443.0
2870.0
-19952.0
-14381.0
20873.0
-4916.0
4459.0
14317.0
7224.0
11475.0
9219.0
13920.0
18639.0
3441.0
-1180.0
15533.0
-12606.0
13581.0
14147.0
-6576.0
-4942.0
-7546.0
-5919.0
12683.0
-13361.0
7366.0
3498.0
2398.0
11952.0
2086.0
-6178.0
-1489.0
-14989.0
15892.0
11946.0
-3167.0
-7611.0
-28400.0
-23001.0
5737.0
25963.0
8142.0
7220.0
8623.0
10307.0
-24913.0
6006.0
-324.0
3040.0
14510.0
-7697.0
-1804.0
-5695.0
15271.0
5537.0
8406.0
24950.0
37578.0
5924.0
19142.0
14261.0
2037.0
3232.0
-12070.0
-2604.0
-4158.0
8402.0
-1360.0
-7792.0
-16158.0
4352.0
559.0
-286.0
-6111.0
2641.0
12954.0
14658.0
8295.0
8924.0
4573.0
-6072.0
-21313.0
-3510.0
3401.0
-6794.0
-1101.0
2086.0
1581.0
11962.0
23423.0
15907.0
6502.0
6342.0
5327.0
-6374.0
-10337.0
-5984.0
1194.0
-2892.0
-6764.0
9148.0
-10257.0
-10056.0
22299.0
3680.0
28626.0
13664.0
21619.0
-12247.0
10463.0
2907.0
1673.0
-2286.0
15844.0
10040.0
-8198.0
19120.0
24817.0
6781.0
4110.0
26195.0
20562.0
-6257.0
7426.0
31337.0
24089.0
1796.0
3172.0
16022.0
16164.0
165.0
-19839.0
2020.0
-248.0
-315.0
29925.0
13442.0
-1267.0
8581.0
9013.0
-11836.0
2824.0
-16854.0
-18146.0
14476.0
3220.0
1971.0
7186.0
-19627.0
11834.0
29991.0
219.0
1736.0
-3176.0
7824.0
-6445.0
-19431.0
-27272.0
-3215.0
250.0
24241.0
-14558.0
-6374.0
17971.0
-1808.0
-23970.0
271.0
3806.0
13011.0
1527.0
27153.0
29790.0
4545.0
5325.0
-2299.0
15924.0
-24570.0
1994.0
-1562.0
-19514.0
6913.0
3737.0
-236.0
-23354.0
-17228.0
-7547.0
-3918.0
-18173.0
-5228.0
-12678.0
-13005.0
-6167.0
-16150.0
-376.0
-11259.0
5062.0
-25.0
20420.0
17525.0
26101.0
7507.0
7869.0
11547.0
11654.0
-3224.0
-13314.0
11293.0
-3919.0
-4731.0
-15930.0
-13255.0
2561.0
6027.0
3097.0
-8547.0
2615.0
-34.0
24614.0
14898.0
-8895.0
-7814.0
4360.0
18782.0
-7156.0
764.0
-8248.0
10114.0
1331.0
8040.0
-3535.0
11505.0
-3530.0
9254.0
27869.0
24394.0
6643.0
-5353.0
-13193.0
12634.0
-1632.0
-12234.0
-15354.0
-9466.0
4693.0
15816.0
486.0
-7232.0
10964.0
-25108.0
6102.0
2327.0
3927.0
4996.0
-470.0
6743.0
8836.0
14832.0
23043.0
9656.0
12282.0
12929.0
-11366.0
-20043.0
-8241.0
1770.0
6973.0
15290.0
-5804.0
-9882.0
9263.0
8632.0
-19166.0
-12682.0
-13454.0
12680.0
-8937.0
-10840.0
-6429.0
-8905.0
25542.0
16879.0
-3663.0
-21443.0
-4366.0
7713.0
-5637.0
6193.0
-19558.0
-34062.0
-13327.0
-7878.0
11332.0
-2004.0
-18299.0
15772.0
-9364.0
7099.0
14506.0
25168.0
16842.0
-7898.0
-21062.0
-1518.0
1881.0
-8541.0
-8951.0
630.0
6945.0
-12613.0
-25058.0
6410.0
-14928.0
11134.0
16008.0
17838.0
6353.0
6070.0
-6042.0
-17829.0
-12536.0
-7715.0
6765.0
27329.0
8542.0
-27373.0
-23524.0
-2254.0
-8232.0
8861.0
-4108.0
15491.0
-5986.0
-716.0
10859.0
462.0
-18235.0
12877.0
13397.0
18527.0
-3870.0
-6014.0
-5773.0
6852.0
-31149.0
-16020.0
-18927.0
-12380.0
-6873.0
-14671.0
-10099.0
9753.0
-11805.0
-11712.0
-7395.0
-2367.0
12754.0
17428.0
-1592.0
-1109.0
-6820.0
4899.0
17182.0
26647.0
20596.0
33403.0
2563.0
-11222.0
12285.0
26735.0
23339.0
22682.0
24801.0
4170.0
2309.0
543.0
11745.0
2299.0
11907.0
-11321.0
359.0
-14145.0
-2463.0
3680.0
8860.0
6605.0
3480.0
10456.0
-11402.0
1945.0
2527.0
2289.0
6356.0
-191.0
-20299.0
11207.0
7224.0
356.0
1082.0
-5695.0
-11466.0
8555.0
-9546.0
-18059.0
27020.0
3235.0
129.0
-10842.0
-5260.0
21.0
3143.0
-15645.0
-1447.0
96.0
16884.0
978.0
19670.0
-3331.0
25241.0
-4943.0
7244.0
-2199.0
-10005.0
-13831.0
-5524.0
-9429.0
-8892.0
-6751.0
10220.0
-10415.0
-9849.0
-7478.0
2284.0
21502.0
-6679.0
19296.0
19525.0
7916.0
8171.0
7911.0
-17831.0
537.0
17423.0
-4678.0
11443.0
4919.0
19161.0
46.0
11971.0
-6633.0
-4834.0
23038.0
-16052.0
2141.0
17563.0
4366.0
6161.0
1401.0
16956.0
-24797.0
-23582.0
2758.0
-17303.0
-5513.0
-4788.0
-10752.0
-6663.0
-15570.0
-13204.0
-26214.0
-16084.0
-25559.0
-25603.0
-3161.0
-20865.0
-12576.0
-13560.0
-23029.0
-21011.0
-3827.0
4134.0
8543.0
12793.0
13617.0
34023.0
59594.0
31717.0
5046.0
6816.0
8339.0
26607.0
26163.0
15065.0
3366.0
4945.0
-18406.0
-16230.0
-19539.0
-10358.0
8890.0
6473.0
11574.0
20778.0
16533.0
-12874.0
9317.0
2468.0
-8321.0
3439.0
-21834.0
4662.0
4236.0
865.0
-579.0
-24910.0
-20400.0
-2773.0
-4922.0
-20496.0
8177.0
-18614.0
-282.0
4527.0
9587.0
5559.0
11221.0
3053.0
5099.0
-7011.0
-28657.0
-4638.0
-7853.0
-15029.0
3872.0
7800.0
7686.0
18562.0
8234.0
23212.0
-3431.0
-9931.0
-5829.0
-14746.0
-3012.0
3584.0
16777.0
17148.0
-24936.0
-17558.0
-11843.0
-10765.0
16979.0
12817.0
-13451.0
-7551.0
10092.0
17376.0
-10736.0
2826.0
-11827.0
-11512.0
-3248.0
-8245.0
5935.0
-16469.0
829.0
-258.0
-427.0
2563.0
13749.0
26411.0
17750.0
-3151.0
-15094.0
-10462.0
-18472.0
-12019.0
2680.0
-1186.0
-11400.0
-8346.0
18946.0
-1362.0
-16229.0
-552.0
3783.0
10784.0
15724.0
-595.0
-7499.0
13129.0
9567.0
-12118.0
-4519.0
18335.0
8962.0
5246.0
-27565.0
-30793.0
-6318.0
-12110.0
-28616.0
5663.0
3390.0
-2135.0
-18552.0
9033.0
11600.0
13847.0
2230.0
3311.0
14473.0
27450.0
15400.0
21128.0
-2021.0
-21970.0
-26656.0
-2201.0
4421.0
-3707.0
14488.0
-1439.0
-4717.0
-5822.0
-342.0
-3275.0
-7444.0
16049.0
25772.0
3037.0
11841.0
233.0
3023.0
18058.0
16795.0
3692.0
16939.0
21448.0
11006.0
-9369.0
4104.0
4816.0
15742.0
-2225.0
436.0
1258.0
12710.0
4671.0
5195.0
-6386.0
15.0
-6517.0
9567.0
-5458.0
17144.0
-2548.0
7525.0
-11058.0
-3064.0
327.0
13403.0
-8682.0
-11661.0
-11461.0
4870.0
833.0
4744.0
7256.0
5742.0
4493.0
18282.0
6427.0
-15811.0
-11949.0
-27469.0
-16432.0
-2139.0
-8580.0
2441.0
1283.0
9253.0
7561.0
-6004.0
-2299.0
16208.0
12320.0
23248.0
20111.0
-8661.0
-34658.0
-16457.0
21219.0
7458.0
7398.0
11820.0
5605.0
-4653.0
-5359.0
-9173.0
-312.0
24831.0
3184.0
19970.0
37504.0
-5918.0
24069.0
-16570.0
-6746.0
16406.0
8634.0
607.0
-18690.0
10496.0
-1417.0
14993.0
14015.0
-2747.0
-788.0
-1772.0
-4774.0
-10763.0
5488.0
9136.0
360.0
2594.0
-11817.0
-8350.0
-10926.0
-2951.0
-7105.0
-6151.0
26825.0
18838.0
5520.0
8645.0
20038.0
-2526.0
15844.0
6866.0
-8266.0
-342.0
-2766.0
10709.0
-11205.0
-18909.0
-14032.0
-29765.0
2658.0
-12187.0
-14562.0
840.0
-16033.0
-8062.0
-30696.0
-26376.0
-29333.0
-3949.0
-32246.0
-14415.0
-6946.0
-992.0
7033.0
-14653.0
-14054.0
-17048.0
1662.0
-15501.0
13701.0
4942.0
-8176.0
1309.0
5737.0
21660.0
7712.0
10177.0
-487.0
-18262.0
17363.0
-8615.0
15230.0
20282.0
4685.0
-4874.0
1868.0
5961.0
-20787.0
508.0
19514.0
-7221.0
-12570.0
21931.0
11363.0
-15200.0
-8137.0
1042.0
10848.0
13204.0
19531.0
6963.0
23352.0
-762.0
-10054.0
-12548.0
238.0
-22477.0
-11239.0
8582.0
-22761.0
-20050.0
17880.0
3732.0
-7557.0
-2901.0
11511.0
-4415.0
35071.0
4410.0
8406.0
4436.0
-9919.0
1069.0
-8952.0
-6575.0
-31770.0
-20898.0
-7173.0
-10818.0
19370.0
7304.0
9370.0
854.0
-16716.0
-28141.0
-35549.0
-20132.0
-13100.0
-17389.0
6393.0
-5329.0
-2969.0
-3840.0
13489.0
11807.0
-15945.0
-27565.0
8199.0
2972.0
-6330.0
-13164.0
-3829.0
698.0
1057.0
-9638.0
-3238.0
-3957.0
-3670.0
1254.0
-2202.0
1893.0
-4460.0
-10994.0
-9659.0
-3453.0
-6117.0
-12180.0
15860.0
10943.0
-10213.0
-33538.0
13475.0
-7688.0
-1693.0
-25528.0
-13373.0
14968.0
-3611.0
4605.0
4934.0
1505.0
183.0
-7144.0
15117.0
1872.0
-13495.0
-24415.0
-4902.0
14780.0
-11637.0
-4704.0
7489.0
-21678.0
-29688.0
-14763.0
-13389.0
704.0
-14042.0
-18878.0
-21530.0
467.0
9882.0
-3215.0
5470.0
5431.0
-8475.0
-7558.0
13614.0
15560.0
13038.0
16501.0
4659.0
-16014.0
-18180.0
6300.0
14841.0
6886.0
10020.0
-8053.0
19809.0
670.0
-8612.0
-19433.0
2564.0
-788.0
-21507.0
-7659.0
-18732.0
12456.0
-15920.0
14284.0
-13257.0
-3557.0
4053.0
-8292.0
10776.0
6746.0
989.0
-13522.0
-13997.0
-16506.0
-8283.0
-6875.0
-6643.0
2010.0
-7304.0
-10685.0
-12725.0
9595.0
10304.0
-16775.0
-8819.0
1771.0
2758.0
2066.0
-16028.0
-6309.0
1551.0
10915.0
-8374.0
-20161.0
-6258.0
-7589.0
5662.0
11377.0
-12595.0
-3980.0
-4522.0
-25792.0
-13460.0
-923.0
-30726.0
-9493.0
12445.0
6544.0
-25659.0
-4529.0
-24327.0
25510.0
21478.0
-5092.0
18304.0
4351.0
-12207.0
958.0
28293.0
14429.0
14644.0
4526.0
7387.0
6123.0
-5086.0
19060.0
-17000.0
-7651.0
-19495.0
11793.0
12237.0
823.0
23656.0
-419.0
5798.0
27496.0
12290.0
-3679.0
22155.0
6255.0
-2142.0
-11814.0
14603.0
-11968.0
-15350.0
-21335.0
-13320.0
-3644.0
189.0
11887.0
27692.0
-2552.0
-8331.0
6907.0
-4463.0
-8665.0
3059.0
21817.0
-14653.0
-10088.0
-2891.0
2978.0
7858.0
-4164.0
-12720.0
-5574.0
-11463.0
-20053.0
-5292.0
-10470.0
5944.0
-1429.0
-3323.0
1581.0
28302.0
11199.0
16974.0
872.0
25280.0
8401.0
-14822.0
17339.0
6500.0
685.0
-12664.0
9913.0
8637.0
11440.0
26541.0
-9590.0
31488.0
18434.0
-17429.0
-38249.0
4003.0
-2510.0
-14065.0
32540.0
2942.0
21258.0
-27303.0
-18114.0
-27454.0
-24215.0
-29586.0
-19323.0
11729.0
-27469.0
-27754.0
19464.0
3729.0
-15445.0
17622.0
7130.0
-1065.0
-18494.0
-20260.0
-28644.0
-10922.0
4297.0
10471.0
-14522.0
-42798.0
-15961.0
-12345.0
-24947.0
-19251.0
14694.0
-7601.0
-3975.0
1251.0
1332.0
3116.0
-17017.0
194.0
-26796.0
-23842.0
-5541.0
-15971.0
3094.0
15688.0
10276.0
-4137.0
4384.0
902.0
-10258.0
6262.0
10583.0
21394.0
14187.0
22430.0
29170.0
-7463.0
-23342.0
-10299.0
-7681.0
15580.0
6401.0
-19254.0
-30713.0
2690.0
4882.0
7518.0
28177.0
38675.0
15916.0
-18521.0
-22313.0
-6596.0
1058.0
8422.0
-19095.0
-3174.0
-2999.0
-10597.0
-7908.0
-26561.0
-9326.0
-12585.0
3236.0
-2717.0
-22842.0
12649.0
5650.0
-8925.0
6247.0
-8994.0
-4458.0
17947.0
23545.0
2668.0
19767.0
20166.0
22903.0
8172.0
18442.0
8791.0
5973.0
8708.0
8446.0
-8667.0
-10625.0
6126.0
9954.0
22124.0
-3797.0
5225.0
14387.0
24352.0
-542.0
14672.0
8187.0
-1509.0
6474.0
7705.0
15084.0
518.0
-9753.0
-11308.0
-23387.0
-28864.0
13912.0
19793.0
1282.0
-5427.0
14136.0
18427.0
22677.0
4541.0
-3914.0
118.0
9246.0
-82.0
19872.0
12991.0
29002.0
2954.0
2624.0
3090.0
16950.0
1498.0
14104.0
8162.0
-912.0
1929.0
9081.0
13567.0
-20609.0
-12254.0
4450.0
-8979.0
5900.0
-19039.0
-2205.0
-8227.0
14520.0
-5262.0
16107.0
24888.0
30898.0
29717.0
8189.0
17962.0
3802.0
12204.0
-13292.0
9184.0
694.0
8286.0
820.0
-7277.0
1710.0
3375.0
5898.0
26184.0
-2004.0
-9198.0
-6578.0
18335.0
-15504.0
330.0
11093.0
-15534.0
-24536.0
6327.0
37669.0
-2405.0
-6983.0
11426.0
818.0
8081.0
6759.0
-6977.0
10655.0
-28755.0
-18274.0
-13496.0
-10725.0
-11267.0
4703.0
524.0
6938.0
-7379.0
-18513.0
9433.0
-18987.0
626.0
13730.0
7900.0
-4097.0
-2737.0
-13878.0
14551.0
-4278.0
11221.0
1873.0
21672.0
13195.0
12508.0
16824.0
9740.0
22947.0
20558.0
-6257.0
2445.0
12133.0
23100.0
19148.0
-10260.0
-24496.0
-2926.0
10141.0
3908.0
13273.0
2738.0
-9423.0
29748.0
2833.0
17840.0
20955.0
1697.0
-6097.0
-16470.0
-685.0
17203.0
12744.0
9437.0
1180.0
-15771.0
1146.0
623.0
-18065.0
-4476.0
8179.0
20657.0
2435.0
-1061.0
16857.0
12526.0
26648.0
-3368.0
-8711.0
-5687.0
-5946.0
13531.0
-6971.0
-7132.0
-4219.0
-1095.0
-8366.0
-3234.0
1188.0
3379.0
8251.0
29370.0
31015.0
-10421.0
-23750.0
19213.0
6758.0
-9381.0
24289.0
10916.0
-12984.0
4595.0
6126.0
-13926.0
-4341.0
-11574.0
-11271.0
2429.0
24489.0
20747.0
-4965.0
-3597.0
28925.0
-17001.0
-5119.0
15351.0
-9961.0
-10160.0
6187.0
-1728.0
-7066.0
12000.0
16466.0
1402.0
-16808.0
-22118.0
14140.0
11069.0
-3202.0
-3518.0
2559.0
-26215.0
-7043.0
167.0
22206.0
-2101.0
3999.0
-18700.0
-10021.0
682.0
23934.0
3321.0
-11372.0
-13795.0
-13459.0
17838.0
-12941.0
-9763.0
-4111.0
19711.0
21082.0
-6285.0
3635.0
-19718.0
-1041.0
14994.0
11561.0
2627.0
-8992.0
10575.0
1567.0
-5585.0
1192.0
4178.0
10663.0
25206.0
22370.0
-4689.0
-19825.0
20950.0
22068.0
19396.0
22602.0
19880.0
10364.0
25254.0
-3182.0
-13918.0
32860.0
421.0
-4060.0
17687.0
15099.0
28024.0
10030.0
9862.0
9818.0
33080.0
15658.0
13060.0
18728.0
32687.0
17026.0
36878.0
19978.0
35939.0
-7553.0
-27132.0
6071.0
28945.0
18711.0
17896.0
19966.0
29797.0
40102.0
54278.0
34528.0
48064.0
80129.0
140516.0
162421.0
117518.0
59317.0
36545.0
19151.0
20253.0
625.0
26152.0
18035.0
26141.0
14685.0
38526.0
41063.0
16694.0
35942.0
53286.0
59746.0
96134.0
161537.0
161005.0
151380.0
139750.0
101272.0
156489.0
211315.0
169608.0
87749.0
43029.0
26703.0
18680.0
9325.0
20854.0
1470.0
22983.0
1378.0
14534.0
11223.0
22418.0
10549.0
15988.0
30592.0
32711.0
36776.0
40414.0
33967.0
56011.0
28465.0
14203.0
53219.0
36887.0
41121.0
39961.0
36958.0
33092.0
940.0
36430.0
41977.0
38143.0
34099.0
24796.0
31317.0
32265.0
21989.0
25511.0
31172.0
34497.0
31086.0
31157.0
23350.0
34765.0
22426.0
44508.0
48271.0
26557.0
15975.0
22858.0
16667.0
48985.0
46592.0
55677.0
46990.0
40749.0
35753.0
35163.0
45444.0
36256.0
30595.0
67402.0
53170.0
76900.0
56114.0
55781.0
62162.0
60768.0
59869.0
62337.0
45301.0
63991.0
49757.0
64184.0
71855.0
81040.0
82333.0
101423.0
101166.0
107840.0
107481.0
104449.0
116454.0
118811.0
88528.0
98768.0
75538.0
97634.0
108958.0
103903.0
96340.0
94659.0
90566.0
130420.0
146574.0
123903.0
117482.0
140057.0
132448.0
122995.0
124592.0
142917.0
151129.0
166843.0
166850.0
213737.0
188079.0
229172.0
225488.0
253812.0
266907.0
297352.0
321957.0
349300.0
387661.0
459126.0
562285.0
653978.0
864363.0
1158733.0
1593276.0
2165643.0
3104296.0
5458228.0
1.1829799E7
2.3721834E7
3.2614348E7
2.9979856E7
1.8354262E7
8390737.0
3728343.0
1836656.0
1021424.0
672718.0
483010.0
304121.0
178174.0
114950.0
42816.0
22739.0
701.0
-20554.0
-17453.0
-17853.0
-27701.0
-36878.0
-46479.0
-42251.0
-54664.0
-56665.0
-31263.0
-27159.0
-40470.0
-49090.0
-43966.0
-52741.0
-61222.0
-63442.0
-47549.0
-21688.0
-28819.0
-30869.0
-65897.0
-58304.0
-47150.0
-45825.0
-50089.0
-33081.0
-45221.0
-64686.0
-55085.0
-28946.0
-39025.0
-49255.0
-33442.0
-31005.0
-19157.0
-38830.0
-26514.0
-42440.0
-74218.0
-30757.0
-49796.0
-47592.0
-38034.0
-41235.0
-25740.0
-33320.0
-18662.0
-31035.0
-40129.0
-41656.0
-22524.0
-8348.0
-31778.0
-20652.0
-38384.0
-15828.0
-36339.0
-27223.0
-32799.0
-47359.0
-34045.0
-42426.0
-21619.0
-25105.0
-40765.0
-15412.0
-48972.0
-34143.0
-40545.0
-72275.0
-52047.0
-22698.0
-25721.0
-39127.0
-19440.0
-23673.0
-36802.0
-4572.0
-36262.0
-31367.0
-44802.0
-23688.0
-26275.0
-35311.0
-25052.0
-17145.0
-12719.0
-7555.0
33.0
-8499.0
10189.0
-6870.0
-11314.0
4136.0
-10126.0
-31422.0
-33298.0
-14828.0
-47303.0
-31593.0
-18828.0
-23826.0
-12646.0
-4884.0
-7462.0
-7987.0
-15077.0
-2294.0
-15442.0
-12426.0
-24964.0
-24633.0
-24567.0
-8802.0
-1090.0
-19308.0
-26666.0
22276.0
47991.0
80107.0
115142.0
124926.0
73317.0
35705.0
25489.0
-8644.0
-39607.0
-29205.0
-4114.0
-28603.0
-12285.0
-19920.0
-12852.0
-18662.0
-1091.0
-27309.0
-38504.0
-3376.0
2085.0
-25547.0
-10755.0
-16774.0
-18545.0
-51145.0
-23487.0
-9934.0
-6339.0
-26003.0
-9033.0
-21965.0
-28166.0
-21896.0
-33514.0
-35541.0
-22087.0
-33485.0
-18628.0
-42836.0
-9649.0
-35435.0
-26808.0
-33476.0
-28900.0
-18672.0
-16186.0
-17939.0
-14421.0
-10623.0
-11273.0
-6059.0
-1851.0
-17548.0
-37640.0
-6086.0
-20040.0
-18799.0
6273.0
-16122.0
-7009.0
9140.0
14005.0
-15581.0
-24.0
-10143.0
-21839.0
-9853.0
1321.0
-23069.0
-6245.0
171.0
-11618.0
-17615.0
-20907.0
-19565.0
628.0
-20262.0
-20443.0
-6754.0
-2715.0
-21091.0
-16948.0
-15059.0
-19343.0
-12479.0
-16510.0
-22255.0
-21244.0
-20030.0
-3433.0
-14868.0
-21344.0
-27773.0
-14676.0
-841.0
-16692.0
-12067.0
-15884.0
-2596.0
-23128.0
-3490.0
-12219.0
-3342.0
-82.0
-19572.0
-17492.0
-14418.0
-8783.0
-32796.0
-16550.0
-3428.0
-5732.0
-24716.0
-11945.0
-12491.0
-24964.0
-22523.0
-14634.0
-27243.0
-8734.0
-7146.0
-4683.0
-22866.0
1334.0
-18453.0
-4213.0
-469.0
-30997.0
-7305.0
11599.0
-25007.0
-8962.0
-3165.0
9002.0
25438.0
8601.0
-7469.0
-12798.0
1160.0
-5301.0
-19911.0
-36445.0
-10940.0
-2731.0
-18745.0
-10146.0
-1527.0
-20908.0
-3526.0
-19431.0
-34026.0
-34289.0
-9172.0
-20090.0
-13346.0
-21918.0
-24866.0
-27047.0
-39415.0
-33760.0
-21133.0
-11725.0
-31514.0
-29083.0
-8716.0
-5296.0
3354.0
-32007.0
-44036.0
-12072.0
3292.0
1247.0
6754.0
-753.0
-22413.0
-16823.0
-10329.0
-20408.0
-17499.0
-10519.0
-7280.0
3072.0
-20060.0
-34522.0
-25187.0
-23532.0
-1323.0
-8053.0
-14179.0
-6541.0
-4042.0
-15762.0
-11027.0
-3184.0
-20259.0
-27907.0
-9179.0
-3693.0
20698.0
-8324.0
-28784.0
-32344.0
-31639.0
-41377.0
-37980.0
-15748.0
-13624.0
-9023.0
-9489.0
417.0
-6013.0
-6862.0
-10795.0
7851.0
-13477.0
-22232.0
-42289.0
-53291.0
-28095.0
-5932.0
-26783.0
8910.0
1617.0
4863.0
-12908.0
-22186.0
-1107.0
-18703.0
-16651.0
-22951.0
-7145.0
-16680.0
-18449.0
-27175.0
-10195.0
-17429.0
-426.0
-11506.0
-22225.0
-22599.0
-26642.0
-771.0
-2755.0
-30834.0
-27554.0
-27432.0
-20788.0
-9602.0
-3677.0
-6422.0
-21434.0
-12036.0
-13240.0
4777.0
-21659.0
6005.0
6481.0
4816.0
145.0
-1731.0
7227.0
-10438.0
-12451.0
-11795.0
-1439.0
-19569.0
-25565.0
-15185.0
-5919.0
-4724.0
-24244.0
-40685.0
-16912.0
-17610.0
-21926.0
12174.0
6285.0
-25267.0
-7331.0
-14498.0
-21162.0
-8137.0
-21173.0
17161.0
-7642.0
-977.0
-17515.0
-990.0
-16778.0
-3590.0
-11261.0
-14218.0
-15845.0
-12739.0
-13299.0
-1723.0
-13300.0
-14504.0
-30407.0
-7628.0
11523.0
7280.0
722.0
-8471.0
-20575.0
-23161.0
-3646.0
-2353.0
2786.0
-2165.0
3535.0
1036.0
-9863.0
4816.0
-9929.0
-9869.0
-14286.0
-16551.0
-11369.0
-3627.0
4269.0
406.0
21101.0
-18545.0
-29198.0
-13505.0
-513.0
-21362.0
-11518.0
-20280.0
-5543.0
9423.0
10994.0
-2041.0
-15162.0
-30053.0
-29831.0
-5535.0
-10661.0
-17803.0
-13554.0
1657.0
-9080.0
-20729.0
-26403.0
4378.0
5251.0
-4043.0
6724.0
-5789.0
15537.0
29850.0
233.0
-32506.0
-6525.0
-9956.0
-22112.0
1785.0
-5342.0
1020.0
-6038.0
12574.0
-22309.0
-27115.0
-21257.0
-4376.0
-7128.0
-49541.0
-30529.0
-10553.0
-19408.0
-31469.0
-26901.0
-26294.0
-34108.0
-3875.0
-30063.0
8599.0
-226.0
-14971.0
-34920.0
-22816.0
-13215.0
-11631.0
-10486.0
-4264.0
-4865.0
-4550.0
-15383.0
-3953.0
-15733.0
11579.0
16999.0
-2936.0
-3405.0
-8482.0
-12496.0
-4478.0
7626.0
-5390.0
-8457.0
-5749.0
-11555.0
-24296.0
-10156.0
4832.0
-11383.0
-19712.0
3751.0
5852.0
-6432.0
-12349.0
2491.0
10431.0
3013.0
3268.0
2332.0
10670.0
10741.0
-18784.0
-10353.0
-15440.0
20072.0
-5598.0
8352.0
-20120.0
-5540.0
19173.0
245.0
1928.0
-4414.0
276.0
-22330.0
-27887.0
-37621.0
-18437.0
-12702.0
-36073.0
4158.0
-4242.0
-18890.0
-5461.0
1870.0
-6650.0
-11975.0
-7837.0
4985.0
12412.0
-18086.0
-22185.0
-12117.0
3376.0
4919.0
-24275.0
-13845.0
15954.0
-1258.0
-28184.0
1826.0
-3670.0
-13026.0
503.0
5158.0
13777.0
-8762.0
7856.0
12314.0
-19703.0
169.0
-3610.0
-9954.0
7020.0
-858.0
10170.0
-22307.0
-11292.0
-6588.0
-24748.0
-28022.0
-14347.0
-16738.0
-10210.0
-1685.0
8614.0
1549.0
-17000.0
-9913.0
-19807.0
-18502.0
4394.0
7783.0
5235.0
6065.0
4673.0
-23555.0
-18391.0
-23542.0
-30306.0
-5812.0
-20939.0
-7683.0
2546.0
-6432.0
9702.0
1452.0
-14936.0
-12980.0
-7761.0
-7234.0
-13078.0
-19561.0
-20543.0
-8677.0
-23065.0
23865.0
-3523.0
375.0
-23497.0
-34840.0
-22372.0
-10566.0
-22416.0
-19766.0
-11957.0
6920.0
-16469.0
-11492.0
-8353.0
-13257.0
-18203.0
15435.0
-9332.0
4403.0
7922.0
-6467.0
-12757.0
-8277.0
1401.0
11556.0
-12671.0
-2107.0
-21231.0
9939.0
9248.0
-2300.0
3612.0
4084.0
-22179.0
-8834.0
2844.0
-1950.0
-13264.0
-18470.0
2343.0
-14860.0
8803.0
12221.0
-19113.0
-15059.0
-2431.0
12564.0
14902.0
-4406.0
13778.0
-2490.0
-18697.0
-40310.0
-16784.0
20888.0
4379.0
-10695.0
-36861.0
-31408.0
-25670.0
-28378.0
-15888.0
-6108.0
-17812.0
4822.0
29210.0
2090.0
-10372.0
-8394.0
13189.0
-25164.0
-39036.0
-7654.0
-25546.0
-22638.0
-28412.0
-30003.0
-26693.0
-3198.0
-37366.0
-5660.0
19693.0
-16339.0
-33437.0
10506.0
2384.0
-17636.0
-4418.0
-11920.0
-37664.0
-14967.0
-22749.0
-6318.0
-6293.0
35952.0
16655.0
-10825.0
-17232.0
2374.0
-6766.0
10979.0
-8903.0
-1560.0
-13992.0
-13670.0
-31585.0
-24303.0
-1599.0
-31773.0
-36770.0
-35371.0
-20421.0
-26371.0
-7414.0
-7390.0
-9310.0
10105.0
-4616.0
-17734.0
-32107.0
-37920.0
-4824.0
-9920.0
1283.0
-13238.0
-2492.0
-19688.0
-5642.0
-13041.0
-12137.0
-9168.0
-18242.0
-13530.0
961.0
-9798.0
17037.0
1646.0
9356.0
-17170.0
-12213.0
-24931.0
-19785.0
-11608.0
734.0
3554.0
6764.0
-896.0
13171.0
10545.0
-3314.0
-6761.0
-11385.0
4110.0
1220.0
4225.0
15248.0
10358.0
14696.0
-178.0
-8741.0
1581.0
-1468.0
-20894.0
1017.0
791.0
-8807.0
-10019.0
-17646.0
-13427.0
-24690.0
12873.0
-33006.0
-8045.0
-39874.0
-45243.0
-9390.0
-13453.0
-3949.0
2125.0
5485.0
-8111.0
-11531.0
-692.0
6173.0
-23774.0
13114.0
-16949.0
-8379.0
15621.0
-21733.0
10238.0
-8810.0
-26081.0
-19410.0
-14243.0
7082.0
31168.0
3979.0
194.0
-6711.0
5575.0
-22706.0
9865.0
8233.0
-1978.0
-16638.0
12047.0
6427.0
14924.0
-9741.0
-18530.0
6160.0
-18023.0
-17527.0
6144.0
8503.0
18304.0
2187.0
7265.0
-4361.0
10784.0
16170.0
-34397.0
-20418.0
-3131.0
-18544.0
-7692.0
-27922.0
3123.0
9643.0
1913.0
-5344.0
6269.0
-15055.0
-6204.0
-13124.0
-10061.0
-26298.0
-23738.0
-13872.0
19711.0
3946.0
1688.0
12885.0
-5432.0
-9204.0
-8617.0
-6622.0
-1119.0
13027.0
1846.0
6045.0
5501.0
-16898.0
-8053.0
4905.0
-9959.0
-5965.0
-12549.0
-30517.0
-3130.0
8944.0
21740.0
41476.0
18593.0
2317.0
10831.0
-6579.0
-23199.0
-29723.0
-26112.0
-24456.0
-11617.0
-13745.0
-14674.0
-21162.0
-13699.0
-38163.0
-17963.0
820.0
-8431.0
-23305.0
-14557.0
11381.0
389.0
12752.0
8088.0
-12360.0
-47726.0
-18761.0
-7809.0
-16108.0
-9800.0
-2756.0
-7576.0
131.0
4979.0
-11679.0
12168.0
8724.0
80.0
1597.0
22276.0
-6164.0
-10385.0
18980.0
-15940.0
-30851.0
-11699.0
27.0
-6561.0
-11194.0
17583.0
-22142.0
-2333.0
2982.0
4053.0
25959.0
-21745.0
8287.0
-4468.0
2096.0
5142.0
-15349.0
6673.0
8006.0
-865.0
11801.0
6444.0
-1804.0
4153.0
-20277.0
-14640.0
11219.0
1549.0
-12382.0
-5615.0
15646.0
-2023.0
-17621.0
-4623.0
9208.0
-1969.0
6908.0
14165.0
-10271.0
-16366.0
2705.0
-15014.0
-10794.0
-13078.0
9078.0
-13513.0
-31006.0
-9698.0
-11036.0
-25385.0
-7712.0
-6807.0
-2055.0
2070.0
294.0
-15451.0
4513.0
11874.0
15333.0
-1983.0
-22068.0
-21416.0
-1068.0
12777.0
-7804.0
-4098.0
6985.0
-1157.0
3542.0
18000.0
2193.0
17188.0
-209.0
30306.0
5976.0
-23003.0
5197.0
-14106.0
-12095.0
-12547.0
-8218.0
-34003.0
-18428.0
-2354.0
7014.0
2411.0
-12190.0
-8200.0
239.0
1686.0
-12102.0
3627.0
8355.0
16986.0
-7758.0
-5215.0
3416.0
-3639.0
-11942.0
-6061.0
-2820.0
-2039.0
-3082.0
-3809.0
14315.0
20264.0
14946.0
-5377.0
10247.0
-1738.0
-18447.0
6121.0
3114.0
18430.0
-1442.0
-23969.0
-25501.0
7824.0
-31973.0
11755.0
-7347.0
18395.0
9473.0
15226.0
14545.0
1424.0
8420.0
-14302.0
-20008.0
-19589.0
-3105.0
537.0
-13916.0
-13637.0
4520.0
27463.0
1387.0
-18035.0
15320.0
15249.0
3964.0
-22297.0
-13353.0
-18245.0
-18728.0
-15930.0
3142.0
-11687.0
-17733.0
-494.0
-8781.0
-9435.0
-3594.0
-11600.0
-10688.0
-3842.0
21165.0
20754.0
-5208.0
2584.0
4458.0
4751.0
-10028.0
-4520.0
-5717.0
-18884.0
-21573.0
-11877.0
-32227.0
4364.0
3293.0
7826.0
3198.0
-34331.0
-20851.0
-15854.0
-23804.0
19053.0
-10019.0
-19688.0
3244.0
-19022.0
17606.0
2222.0
39705.0
-153.0
20707.0
8427.0
1327.0
-3729.0
-6050.0
2796.0
367.0
2990.0
1187.0
-15812.0
-28399.0
-22918.0
-38329.0
3591.0
-8949.0
-15426.0
10452.0
-2860.0
9549.0
5391.0
8458.0
-8186.0
-6561.0
3230.0
-6648.0
-10015.0
208.0
-10086.0
-12099.0
-1602.0
40930.0
23704.0
7955.0
-2582.0
-11843.0
6417.0
-14987.0
11630.0
-17112.0
-13055.0
27535.0
4911.0
-5251.0
-878.0
-2289.0
-2563.0
21566.0
39093.0
-2688.0
-26332.0
-42697.0
-12731.0
3155.0
-24540.0
9823.0
26161.0
-20687.0
-26791.0
-6621.0
6719.0
21646.0
16749.0
14433.0
12939.0
20128.0
-9241.0
-11676.0
-26355.0
-38544.0
-40097.0
-6566.0
8718.0
-2714.0
-6513.0
385.0
-7179.0
-9680.0
930.0
-14376.0
-18636.0
-12855.0
-15056.0
3180.0
-9449.0
16926.0
38893.0
36106.0
25990.0
-1513.0
-20994.0
-13766.0
-11367.0
18786.0
35062.0
27074.0
34062.0
42038.0
-3895.0
-21981.0
-20745.0
4026.0
11633.0
14486.0
25937.0
18094.0
41864.0
44554.0
52255.0
63108.0
68307.0
18311.0
11156.0
15182.0
-18732.0
-40311.0
-37073.0
-26314.0
-29228.0
19601.0
38004.0
47030.0
66202.0
45103.0
51523.0
-12389.0
-10433.0
-26368.0
-25094.0
-11034.0
-803.0
-21360.0
-13189.0
-8016.0
-14529.0
-8546.0
-11673.0
4564.0
28262.0
5790.0
713.0
1462.0
-2571.0
10161.0
8471.0
36981.0
24497.0
11093.0
47578.0
49425.0
12837.0
17403.0
1164.0
28167.0
22071.0
12880.0
14758.0
18831.0
43956.0
30741.0
25830.0
-13682.0
-21012.0
-11096.0
-2023.0
25244.0
11611.0
10116.0
33896.0
18638.0
14709.0
18374.0
8960.0
6035.0
14058.0
6846.0
19298.0
43269.0
49255.0
50558.0
23765.0
533.0
-1589.0
18032.0
9168.0
30135.0
41884.0
69860.0
82911.0
56727.0
28836.0
-11387.0
-18532.0
-23036.0
-4940.0
30178.0
75567.0
91457.0
87466.0
82852.0
93111.0
74037.0
51183.0
46939.0
18618.0
30942.0
41477.0
44250.0
50174.0
54649.0
61658.0
62980.0
74299.0
63932.0
97190.0
135357.0
147325.0
166089.0
161075.0
176298.0
183353.0
264067.0
440912.0
472192.0
216712.0
-164162.0
-315899.0
-163866.0
248819.0
433235.0
840.0
-89355.0
-494313.0
-500285.0
-757604.0
-120383.0
296777.0
-891962.0
-647134.0
1308387.0
838470.0
-1939343.0
-2445367.0
-627981.0
2134807.0
4278028.0
3606308.0
675632.0
-2189417.0
-3692116.0
-3628955.0
-1195061.0
-429555.0
2072676.0
2927618.0
1759915.0
2672476.0
763150.0
-1452464.0
-872897.0
-1741696.0
-2699286.0
-1527531.0
-608580.0
-511253.0
-331720.0
723256.0
1991432.0
1540011.0
471591.0
796723.0
1695567.0
1158766.0
-619890.0
-1124472.0
5606.0
311976.0
-653553.0
-1222795.0
-1020911.0
-475263.0
-113480.0
-186923.0
-265658.0
-57639.0
145733.0
111308.0
44471.0
243582.0
630667.0
918166.0
906889.0
491618.0
-109561.0
-435409.0
-140857.0
397228.0
734695.0
710527.0
435631.0
49447.0
-396270.0
-639947.0
-704265.0
-561931.0
-143393.0
203897.0
367086.0
276622.0
-32567.0
-360902.0
-452533.0
-416034.0
-361733.0
-256882.0
-149549.0
-94046.0
-6133.0
183751.0
216297.0
162153.0
102826.0
-4774.0
-57382.0
-48314.0
-5210.0
-3350.0
71044.0
108118.0
119971.0
146244.0
152232.0
185335.0
202287.0
186910.0
208985.0
220510.0
212576.0
190273.0
181088.0
185047.0
168170.0
92683.0
-5919.0
-55983.0
-31072.0
1321.0
65431.0
73508.0
22380.0
-27614.0
-27625.0
-19719.0
33830.0
17244.0
-24936.0
-15402.0
-20814.0
-12419.0
-19119.0
-41160.0
-37369.0
-37225.0
-38182.0
-62595.0
-88835.0
-98854.0
-115645.0
-104767.0
-67561.0
-61928.0
-52287.0
-48595.0
-46852.0
-43311.0
-18795.0
-19424.0
-28752.0
-48741.0
-41909.0
-60129.0
-46702.0
-72274.0
-57255.0
-9920.0
4303.0
31736.0
19285.0
-23028.0
-69402.0
-129291.0
-152486.0
-153401.0
-125066.0
-99522.0
-69171.0
-12779.0
30587.0
40226.0
41455.0
-14538.0
-61601.0
-93690.0
-134895.0
-156857.0
-147412.0
-98689.0
-64111.0
-10146.0
19761.0
31617.0
38724.0
15444.0
34878.0
50166.0
22434.0
-4421.0
2052.0
-45893.0
-11423.0
-78022.0
-81691.0
-59313.0
-63267.0
-82859.0
-50997.0
-2533.0
5470.0
3383.0
9831.0
-14412.0
3432.0
-642.0
-493.0
-6798.0
-3212.0
-4532.0
-8493.0
-4577.0
-12660.0
17409.0
3386.0
-5038.0
-1849.0
9988.0
-378.0
-390.0
-1794.0
18924.0
30064.0
11745.0
-17989.0
-21926.0
-3312.0
-55527.0
-2312.0
13195.0
1539.0
11141.0
-27046.0
-37864.0
-39787.0
-27864.0
-52202.0
-35176.0
-51544.0
-30204.0
-29075.0
-28912.0
-7640.0
1826.0
-17939.0
-18811.0
-16348.0
-6387.0
-40174.0
-49636.0
-44314.0
-65854.0
-22713.0
-23267.0
-17766.0
-1917.0
-11367.0
-18534.0
-11793.0
-10499.0
-6171.0
-7544.0
-791.0
-18795.0
-25566.0
-18037.0
-29953.0
2187.0
8201.0
-13460.0
-42631.0
-42946.0
-58410.0
-58195.0
-38309.0
-6472.0
16240.0
16477.0
7373.0
2814.0
-1261.0
-5347.0
-32978.0
-44405.0
-18318.0
-19116.0
-7735.0
-14664.0
-17765.0
-10553.0
1532.0
18566.0
6058.0
22728.0
5896.0
23371.0
-14443.0
-16231.0
-4123.0
-25349.0
-14293.0
-24574.0
-721.0
-9584.0
-17527.0
-37584.0
-29070.0
-23682.0
-64652.0
-51000.0
-21542.0
-37157.0
-37858.0
-29534.0
7131.0
17980.0
8815.0
-9180.0
-26482.0
-40175.0
-35188.0
-8870.0
-12335.0
-40605.0
-23002.0
-17951.0
-25542.0
-16825.0
-30741.0
-20047.0
-1562.0
-19575.0
-16593.0
-11753.0
-25425.0
-47219.0
-21078.0
-23557.0
-14236.0
897.0
-2081.0
-43506.0
-37410.0
-24290.0
-36045.0
-4267.0
4678.0
20403.0
15454.0
-5365.0
773.0
-35047.0
-38730.0
-62913.0
-39912.0
-20589.0
-13657.0
-40809.0
-47839.0
-28366.0
-14277.0
4939.0
-23143.0
-28450.0
-41153.0
-35240.0
-28949.0
-38972.0
-1534.0
-869.0
11042.0
-24080.0
-26726.0
-25624.0
-24185.0
-17881.0
-27793.0
-25959.0
-3318.0
-26674.0
-14891.0
-7278.0
-26676.0
-13348.0
-19397.0
-41236.0
-42234.0
-25090.0
-7988.0
-4141.0
6342.0
1989.0
-514.0
-15882.0
-21062.0
-25536.0
-18575.0
-19898.0
-23519.0
-45561.0
-34069.0
-29562.0
-39032.0
-30035.0
-28567.0
-24742.0
-21486.0
-109.0
-11215.0
5492.0
-10797.0
10110.0
-7960.0
-4631.0
-36343.0
-43120.0
-54812.0
-30892.0
-57155.0
-27317.0
-47529.0
-50616.0
-35068.0
-20428.0
-40097.0
-36791.0
-30243.0
-40639.0
-11539.0
-20807.0
-11363.0
-21338.0
-15131.0
-14784.0
-38002.0
-33936.0
-38438.0
-19583.0
-31980.0
-22645.0
3969.0
-28377.0
-46661.0
-36797.0
-16029.0
2224.0
-9598.0
-17284.0
-18914.0
-13756.0
8362.0
-16397.0
-22702.0
-39356.0
-33863.0
-28328.0
-41167.0
-26086.0
-28091.0
-16503.0
-42199.0
-29310.0
-5890.0
-9967.0
-49469.0
-3632.0
-17559.0
-45321.0
-47152.0
-37714.0
-23815.0
-10231.0
10827.0
42914.0
-15094.0
-31768.0
-27170.0
-22181.0
-32895.0
-11279.0
101.0
-26203.0
-9954.0
6915.0
-14163.0
-1690.0
-35479.0
-11938.0
-37943.0
-10284.0
-3241.0
-25005.0
-24555.0
-3082.0
-10556.0
-16034.0
-11712.0
-19824.0
-11265.0
15800.0
-15527.0
-3189.0
3345.0
-6726.0
-15143.0
-26896.0
-13623.0
13305.0
20631.0
7787.0
-13833.0
-14435.0
-11026.0
-16381.0
-1269.0
16445.0
11833.0
1155.0
-2214.0
-4001.0
-5284.0
-2334.0
-12726.0
-36967.0
-10495.0
12829.0
-1030.0
-12064.0
-26338.0
-4112.0
1992.0
15260.0
-1419.0
9152.0
-49.0
12862.0
-17251.0
-121.0
-9153.0
12884.0
807.0
8269.0
8417.0
-523.0
11902.0
10788.0
20735.0
-16412.0
-28172.0
-20712.0
-11881.0
-1277.0
21504.0
25961.0
27138.0
35136.0
17977.0
8000.0
-11431.0
-9488.0
43028.0
10639.0
-8275.0
-27327.0
-26093.0
-11084.0
10673.0
213.0
-20326.0
-1963.0
6352.0
20272.0
9059.0
14260.0
5791.0
34540.0
27415.0
29032.0
28442.0
34971.0
18753.0
54995.0
46494.0
49789.0
34826.0
55658.0
61887.0
75582.0
80684.0
108928.0
96821.0
106716.0
102142.0
101375.0
120610.0
128863.0
148624.0
163362.0
211425.0
247350.0
294163.0
340249.0
413031.0
518112.0
721745.0
965853.0
1409823.0
2233223.0
3907380.0
6268640.0
5370700.0
2733541.0
1845273.0
2651768.0
4910344.0
5915305.0
2854119.0
734417.0
-92995.0
-465523.0
-661526.0
-704430.0
-625753.0
-332547.0
854636.0
3935957.0
6222092.0
3861046.0
1992494.0
1688311.0
3323012.0
6470418.0
5717207.0
3667126.0
2400341.0
1663116.0
1222522.0
928129.0
731982.0
639776.0
576367.0
493591.0
442429.0
414596.0
357597.0
332969.0
288463.0
255033.0
244195.0
234208.0
236347.0
199924.0
165955.0
185332.0
186399.0
171586.0
167823.0
146705.0
135155.0
144973.0
133484.0
128764.0
133835.0
133407.0
110348.0
117089.0
98327.0
118883.0
102318.0
124835.0
115090.0
90990.0
75049.0
85493.0
66977.0
79990.0
85062.0
58514.0
62309.0
56276.0
44901.0
38055.0
64624.0
68195.0
81712.0
62254.0
55778.0
34898.0
43686.0
47656.0
48433.0
72386.0
71467.0
92848.0
81738.0
106053.0
105453.0
103236.0
79011.0
100197.0
99014.0
72845.0
73366.0
69322.0
74388.0
85088.0
72673.0
93191.0
97026.0
75338.0
66816.0
82117.0
97707.0
106983.0
96712.0
65457.0
71455.0
99850.0
133660.0
99214.0
85479.0
60332.0
69362.0
92226.0
94167.0
80987.0
86620.0
98547.0
83622.0
72597.0
96742.0
91864.0
82083.0
75604.0
96466.0
79221.0
83806.0
82770.0
51262.0
31092.0
55433.0
35406.0
38681.0
53473.0
57641.0
49163.0
31091.0
42061.0
45021.0
33632.0
37373.0
49206.0
27236.0
32423.0
27313.0
55645.0
50585.0
37271.0
14987.0
27194.0
32659.0
-2689.0
38356.0
21040.0
19303.0
33153.0
13840.0
20643.0
20409.0
40298.0
43305.0
14593.0
23262.0
16215.0
25705.0
10407.0
2381.0
3852.0
23333.0
19716.0
6182.0
18852.0
29250.0
10686.0
902.0
37036.0
-3514.0
-857.0
16106.0
-12680.0
-17936.0
-12689.0
1457.0
-23018.0
17288.0
-9887.0
-14511.0
-18372.0
-2006.0
-21188.0
17182.0
24933.0
-8494.0
25474.0
19242.0
16148.0
1533.0
5498.0
26723.0
39661.0
8554.0
-18.0
9118.0
1284.0
21292.0
26958.0
15698.0
-9403.0
12495.0
12358.0
7950.0
-6695.0
3208.0
-3569.0
16577.0
-10348.0
1922.0
6296.0
10282.0
979.0
17086.0
20590.0
19385.0
6592.0
3329.0
16768.0
35972.0
27854.0
29831.0
15453.0
4172.0
12561.0
38189.0
14432.0
21863.0
35259.0
-5629.0
36527.0
41173.0
39512.0
27338.0
-658.0
216.0
5668.0
8152.0
30994.0
24150.0
3038.0
15008.0
37482.0
42264.0
23584.0
15651.0
13351.0
14276.0
16569.0
13290.0
17721.0
25390.0
3434.0
22808.0
13257.0
29182.0
32561.0
64990.0
45670.0
45157.0
37696.0
21432.0
28180.0
30569.0
28740.0
13774.0
34347.0
37003.0
16745.0
19252.0
45964.0
31476.0
26955.0
63975.0
22147.0
36001.0
56787.0
55763.0
30945.0
15000.0
49786.0
36707.0
26289.0
35296.0
63505.0
42167.0
51538.0
38885.0
48693.0
39272.0
38012.0
34545.0
31823.0
52229.0
51013.0
37686.0
35754.0
39969.0
38823.0
59453.0
33580.0
37073.0
42826.0
31237.0
52273.0
53049.0
58630.0
66713.0
75046.0
58944.0
37861.0
79183.0
77489.0
44723.0
51972.0
83247.0
87496.0
78379.0
103148.0
106541.0
121978.0
146994.0
207228.0
297248.0
509659.0
868514.0
1158526.0
1090671.0
724424.0
448810.0
272722.0
211573.0
172005.0
155151.0
125119.0
113453.0
111456.0
117810.0
133224.0
120193.0
117216.0
120463.0
114342.0
155533.0
143055.0
166985.0
184018.0
181134.0
174145.0
180132.0
190556.0
184512.0
191099.0
178968.0
176499.0
147465.0
132570.0
145543.0
152389.0
139778.0
170467.0
184342.0
206150.0
192527.0
202098.0
195611.0
195224.0
186212.0
210730.0
231166.0
217598.0
261061.0
273407.0
287290.0
347759.0
345641.0
321470.0
310168.0
317030.0
352744.0
363907.0
361167.0
351971.0
344948.0
350881.0
358781.0
364854.0
365976.0
381549.0
399270.0
454255.0
502371.0
497967.0
526246.0
541730.0
599006.0
655998.0
693674.0
770374.0
823095.0
851456.0
884430.0
941120.0
1007091.0
1088361.0
1204773.0
1312670.0
1465607.0
1645000.0
1879400.0
2174665.0
2628903.0
3387263.0
4796989.0
6881700.0
8604995.0
1.0046865E7
1.1617438E7
1.5440485E7
2.3552062E7
3.8738536E7
7.3562992E7
1.54985744E8
2.66843104E8
2.2986136E8
1.23170096E8
6.2191836E7
3.4079252E7
2.0716812E7
1.3682821E7
9586015.0
7814602.0
8169021.0
1.0340893E7
1.1549594E7
1.0938624E7
8277957.0
6756304.0
8007305.0
1.0094116E7
1.0435902E7
8461588.0
5611646.0
3867540.0
2938619.0
2392333.0
2050335.0
1769199.0
1561783.0
1426101.0
1322371.0
1230393.0
1170860.0
1121821.0
1088804.0
1070895.0
1062301.0
1074736.0
1075874.0
1050924.0
1130775.0
1169240.0
1231367.0
1347272.0
1502588.0
1759997.0
2101751.0
2620514.0
3657303.0
5807479.0
9011319.0
9579340.0
5810800.0
2240050.0
712135.0
163810.0
-29477.0
-111203.0
-63273.0
-3427.0
81854.0
254309.0
494451.0
863132.0
1581836.0
3375834.0
7181562.0
1.0781395E7
1.0212172E7
8091426.0
6579248.0
4180297.0
1913433.0
799126.0
342724.0
138233.0
43888.0
-14174.0
-38182.0
-41223.0
-44276.0
6089.0
64282.0
228384.0
714180.0
1873774.0
3481682.0
3547956.0
2251039.0
1293294.0
802822.0
539294.0
381544.0
290620.0
217950.0
197911.0
151564.0
144036.0
179130.0
207330.0
274504.0
389253.0
624980.0
1007232.0
1200111.0
977659.0
634042.0
407924.0
257226.0
205563.0
173560.0
142913.0
122672.0
93874.0
75013.0
70439.0
63262.0
46990.0
111504.0
135989.0
136934.0
72542.0
46737.0
40899.0
26136.0
41336.0
21482.0
18672.0
74816.0
88711.0
66144.0
37571.0
34036.0
12325.0
25500.0
21341.0
34060.0
48817.0
52978.0
36728.0
43514.0
43224.0
48142.0
57205.0
20552.0
37643.0
9724.0
13279.0
2965.0
6823.0
23954.0
27895.0
11338.0
40083.0
22728.0
29079.0
31478.0
27560.0
39105.0
55772.0
64582.0
72612.0
65174.0
40874.0
24973.0
28056.0
7896.0
-4598.0
-16219.0
9007.0
18970.0
31513.0
18323.0
10728.0
14611.0
-3583.0
23695.0
36489.0
28777.0
45898.0
35446.0
24224.0
13166.0
17718.0
12579.0
-3773.0
9169.0
16155.0
4152.0
14277.0
21318.0
59114.0
37498.0
20627.0
-3902.0
10425.0
15253.0
-6548.0
3561.0
-1737.0
8678.0
13544.0
-109.0
-3438.0
-9563.0
27000.0
25693.0
38022.0
15992.0
18890.0
36212.0
13193.0
-3379.0
2433.0
12060.0
2507.0
9627.0
13573.0
10242.0
-8468.0
-7095.0
-25487.0
4048.0
11695.0
17086.0
5113.0
16790.0
13647.0
10196.0
-15169.0
1660.0
-708.0
-27969.0
-3972.0
1809.0
15950.0
9403.0
-6108.0
8336.0
6881.0
-6464.0
8986.0
8483.0
-1578.0
273.0
-1279.0
4987.0
-11391.0
15601.0
7675.0
179.0
20777.0
24993.0
12180.0
8401.0
5338.0
17150.0
14839.0
31191.0
1626.0
27128.0
29643.0
22404.0
13459.0
36258.0
18319.0
15710.0
6970.0
5971.0
10204.0
1560.0
24721.0
7628.0
8097.0
36580.0
27571.0
48178.0
54590.0
23244.0
44360.0
21012.0
15883.0
12625.0
19716.0
-12525.0
-8125.0
2113.0
7051.0
3453.0
-2097.0
-13989.0
15378.0
720.0
24122.0
-4093.0
12929.0
11120.0
-6777.0
25113.0
5280.0
15452.0
30760.0
8187.0
29222.0
27439.0
35157.0
32099.0
5299.0
-1543.0
-10113.0
-9724.0
3124.0
4475.0
-7127.0
-18150.0
-19385.0
-4365.0
-12618.0
-14827.0
4672.0
616.0
-4237.0
-13465.0
19743.0
8419.0
-16069.0
512.0
-10822.0
14184.0
14954.0
25425.0
33773.0
-1901.0
-3154.0
-9096.0
1271.0
-10913.0
35230.0
-8562.0
-9121.0
7987.0
4661.0
1669.0
5951.0
-21048.0
-20881.0
-16447.0
-23632.0
-1206.0
-23870.0
-19371.0
17784.0
984.0
-6600.0
-8621.0
1368.0
-30953.0
-15839.0
-9318.0
-8488.0
-4964.0
-23335.0
-3945.0
-4689.0
9486.0
22635.0
16413.0
15964.0
2202.0
7267.0
-11053.0
10138.0
14415.0
4061.0
4718.0
4877.0
-243.0
625.0
1186.0
2355.0
10180.0
20549.0
9965.0
-23778.0
-8956.0
7796.0
-3349.0
-8649.0
5644.0
-10629.0
-13107.0
-29244.0
-34996.0
4669.0
5939.0
-5947.0
-25011.0
9027.0
-7519.0
-18523.0
-6821.0
-17008.0
-10458.0
-21833.0
8725.0
738.0
2690.0
4546.0
-7140.0
6860.0
-3929.0
8288.0
-12378.0
7205.0
4317.0
16316.0
19249.0
15406.0
-12235.0
-4980.0
-7476.0
-24572.0
6830.0
1004.0
6070.0
-14062.0
-5165.0
15070.0
20617.0
6735.0
27278.0
3425.0
21225.0
17530.0
19485.0
-2600.0
-2539.0
-2268.0
9131.0
3224.0
4636.0
11563.0
-4742.0
-1442.0
-12157.0
-39037.0
-27001.0
4899.0
-35959.0
-20451.0
11929.0
22609.0
18260.0
18985.0
25836.0
29659.0
36763.0
12375.0
6797.0
21441.0
27379.0
1356.0
13395.0
8006.0
11096.0
6722.0
7437.0
15811.0
19427.0
7621.0
-7002.0
25735.0
-4763.0
-13452.0
9766.0
6815.0
-3573.0
-838.0
13669.0
-11842.0
14016.0
14376.0
10344.0
10180.0
27333.0
1705.0
-8929.0
-8884.0
-6898.0
5352.0
1815.0
-6186.0
-8085.0
-2363.0
-3237.0
39728.0
1724.0
11234.0
-11180.0
15393.0
17919.0
6238.0
4473.0
11959.0
23448.0
11905.0
24446.0
14157.0
24848.0
5552.0
11591.0
50574.0
98590.0
302924.0
677003.0
500660.0
229118.0
93055.0
60851.0
37912.0
29210.0
18830.0
5884.0
19466.0
18516.0
20056.0
19167.0
-12215.0
-3246.0
-3534.0
5674.0
19091.0
-6915.0
554.0
27254.0
31962.0
2174.0
-1149.0
-8893.0
-5986.0
2643.0
-6116.0
-23916.0
-1905.0
-7353.0
-8094.0
-19084.0
11434.0
16627.0
-10079.0
12485.0
25989.0
15332.0
13086.0
28107.0
3598.0
4092.0
-12410.0
-15480.0
21695.0
27158.0
3556.0
-1325.0
48365.0
44844.0
42012.0
9559.0
-6121.0
-13046.0
-21256.0
-3886.0
6291.0
15946.0
46058.0
105769.0
97693.0
40014.0
24170.0
-30923.0
-7315.0
4534.0
10200.0
3765.0
22552.0
64633.0
58890.0
31042.0
26811.0
-2617.0
-7301.0
-17403.0
-9433.0
6693.0
14718.0
-4575.0
9255.0
-328.0
1174.0
5399.0
-15762.0
5313.0
6012.0
-19811.0
6884.0
750.0
4181.0
7686.0
4091.0
-6141.0
20885.0
-4548.0
-11543.0
4179.0
-10718.0
-6487.0
-2111.0
-11678.0
-3251.0
2895.0
-1955.0
21222.0
-6194.0
9484.0
-15657.0
2788.0
-10612.0
-22169.0
13091.0
-12587.0
4020.0
4864.0
-6906.0
2816.0
7996.0
1198.0
4608.0
15094.0
-12786.0
-26425.0
1183.0
-20375.0
-26096.0
-10904.0
4784.0
-4809.0
-23473.0
4525.0
-26378.0
-2125.0
-12747.0
-19775.0
-15988.0
-7443.0
-24811.0
-10531.0
6700.0
5017.0
-7707.0
-26109.0
7155.0
23529.0
-6969.0
23958.0
30115.0
15417.0
15673.0
-19858.0
-9281.0
-2826.0
-6398.0
-12820.0
-21629.0
11020.0
-1523.0
-2905.0
-10000.0
-8965.0
4790.0
-3811.0
-8637.0
-3809.0
-17620.0
-7452.0
14107.0
2675.0
-12878.0
-15256.0
4504.0
356.0
-17196.0
1978.0
-12913.0
-2961.0
2634.0
3105.0
34624.0
3374.0
8854.0
-4290.0
-2413.0
-9894.0
-30439.0
896.0
-29835.0
-27799.0
-17143.0
8397.0
-4573.0
-2038.0
-51.0
11236.0
26732.0
32200.0
2086.0
-442.0
-9012.0
8842.0
-9103.0
2294.0
-15490.0
-9396.0
7023.0
-9794.0
-20852.0
-6342.0
9850.0
-1233.0
20170.0
13712.0
-5817.0
5757.0
14837.0
2809.0
-3048.0
25108.0
14522.0
13675.0
28180.0
19070.0
10763.0
28013.0
-3957.0
-21048.0
-970.0
20094.0
-10629.0
13080.0
-2067.0
1169.0
15759.0
-4145.0
-5160.0
-9904.0
-867.0
7836.0
-7451.0
13874.0
-1778.0
-14828.0
-2585.0
-9169.0
1261.0
-11352.0
12689.0
-3942.0
5718.0
-18545.0
-14817.0
-4923.0
-20745.0
4216.0
17505.0
13630.0
15618.0
-3039.0
22782.0
38650.0
27281.0
17959.0
56443.0
61818.0
57377.0
77505.0
51551.0
39069.0
39799.0
16003.0
1404.0
-8943.0
23138.0
20093.0
6551.0
-7203.0
-5295.0
15674.0
14484.0
18006.0
-26185.0
-30445.0
15977.0
-17736.0
-10028.0
7233.0
21115.0
-13745.0
-3640.0
9890.0
499.0
8914.0
34428.0
6936.0
-23595.0
-32075.0
-12092.0
23341.0
-21531.0
6932.0
-3654.0
-18280.0
4642.0
15940.0
-12109.0
15179.0
6354.0
-54172.0
-19548.0
-21466.0
-13446.0
6134.0
-4300.0
7861.0
-5770.0
-2265.0
-15909.0
-6594.0
15680.0
22499.0
1716.0
-9352.0
-743.0
-29789.0
-19930.0
-13837.0
-17559.0
-8591.0
-17256.0
4506.0
-7195.0
-18997.0
-16638.0
-23548.0
1861.0
-2206.0
-10983.0
-18474.0
-23578.0
-33545.0
-208.0
-6266.0
-27403.0
-3270.0
11192.0
-16855.0
24308.0
-8897.0
-14953.0
834.0
-2003.0
299.0
-13608.0
-3635.0
-8733.0
14063.0
3016.0
-22265.0
-7989.0
3426.0
-3941.0
17281.0
2104.0
-7499.0
-17722.0
-4363.0
2957.0
-9827.0
1825.0
3534.0
12455.0
-1743.0
-3353.0
-5424.0
1751.0
15581.0
-7750.0
-7786.0
-215.0
26782.0
18846.0
-3103.0
-14494.0
-9024.0
3899.0
6284.0
9185.0
-25216.0
-13373.0
-14485.0
9156.0
36107.0
4808.0
-10834.0
9558.0
-5105.0
8064.0
14358.0
21476.0
14736.0
14175.0
-1384.0
-5917.0
-12876.0
-17712.0
27764.0
27101.0
55269.0
42176.0
37806.0
1570.0
-4222.0
-15098.0
34445.0
12731.0
25150.0
12470.0
-10326.0
-20076.0
-2989.0
-16474.0
-21608.0
-7463.0
-14400.0
-7743.0
-6750.0
-13671.0
372.0
17574.0
-8242.0
3524.0
8916.0
6298.0
602.0
-3722.0
-16551.0
8542.0
-10824.0
23113.0
2495.0
8662.0
19646.0
-1882.0
-6848.0
-18984.0
-10698.0
8421.0
6903.0
16139.0
7947.0
-891.0
-5472.0
-19091.0
-3081.0
22285.0
16558.0
2889.0
-4852.0
-6845.0
-13.0
21589.0
7314.0
-9643.0
-6913.0
-5427.0
9322.0
1212.0
17532.0
38999.0
27055.0
-4464.0
9279.0
9964.0
24559.0
4304.0
1995.0
-5809.0
5900.0
5364.0
5206.0
-10432.0
-5413.0
6357.0
33368.0
-7718.0
-7419.0
-10704.0
-12018.0
7258.0
7046.0
43750.0
-13655.0
-3321.0
-19454.0
-29991.0
614.0
-8044.0
-2833.0
-8054.0
-10824.0
4751.0
16908.0
9409.0
701.0
7495.0
-5096.0
15907.0
-6908.0
-21711.0
-10553.0
-15288.0
-17231.0
-4408.0
-18550.0
16754.0
-15002.0
18210.0
-9468.0
27517.0
-8642.0
6272.0
5515.0
8656.0
2613.0
-14897.0
-6084.0
-6856.0
-31681.0
-2886.0
-11169.0
-3839.0
-7312.0
7011.0
-18134.0
-34230.0
-2284.0
-29800.0
-7841.0
-10302.0
-13393.0
-9688.0
-6635.0
-17089.0
9835.0
-13919.0
-9797.0
-1418.0
6884.0
5627.0
-15620.0
-14511.0
36457.0
22900.0
-2753.0
-279.0
-4497.0
6068.0
-8391.0
-3866.0
25745.0
18205.0
-1720.0
-6252.0
42317.0
9220.0
-212.0
4683.0
4475.0
19304.0
23327.0
-6811.0
-5317.0
9770.0
-5742.0
-5869.0
-23824.0
-8681.0
24728.0
10300.0
-13130.0
-31904.0
-21608.0
-18584.0
-14420.0
-44.0
11411.0
4672.0
-17875.0
25589.0
-5755.0
-2065.0
4837.0
22751.0
10698.0
13675.0
2403.0
1597.0
-2610.0
12559.0
33653.0
7237.0
10406.0
6106.0
33260.0
20046.0
-10058.0
23399.0
20629.0
23669.0
3008.0
7284.0
-7746.0
-8773.0
17813.0
3790.0
-4963.0
7675.0
-2335.0
-26843.0
-17397.0
-20137.0
-8181.0
-8324.0
2070.0
6697.0
13625.0
-13922.0
13706.0
-569.0
-7706.0
5991.0
8849.0
-13714.0
-7579.0
-11539.0
-3226.0
-18890.0
-20077.0
2561.0
14645.0
1601.0
-740.0
6268.0
-24416.0
-9440.0
-18579.0
-9262.0
-39772.0
-16279.0
1223.0
-8020.0
3417.0
-11760.0
-22297.0
-38826.0
19762.0
-8980.0
25276.0
27512.0
3781.0
-8476.0
-20880.0
3669.0
14003.0
20862.0
-8621.0
192.0
25672.0
14770.0
-4945.0
7028.0
-3744.0
12737.0
19609.0
-21106.0
-11443.0
-19091.0
4094.0
-25392.0
-4354.0
-20571.0
-12155.0
-21651.0
24603.0
8434.0
8339.0
-11336.0
-8105.0
-8585.0
18035.0
5257.0
-15727.0
1873.0
1545.0
-2585.0
1864.0
-5472.0
1416.0
-5230.0
-8478.0
-22627.0
-5123.0
-3193.0
7110.0
-5541.0
37349.0
15342.0
-30.0
-11978.0
10808.0
29747.0
-8039.0
-6638.0
-2312.0
-5403.0
-21690.0
6490.0
32377.0
14407.0
-19203.0
-13133.0
17786.0
1871.0
-13473.0
-2636.0
-25653.0
10991.0
6039.0
12890.0
28567.0
-13720.0
19409.0
14597.0
2293.0
26306.0
12225.0
9555.0
10148.0
22523.0
1574.0
-26926.0
-18037.0
-2304.0
8920.0
15448.0
2543.0
13760.0
-29075.0
-16795.0
-8193.0
-9045.0
-8059.0
-3321.0
-9721.0
-10291.0
-19633.0
13482.0
-28027.0
18366.0
-10015.0
-34484.0
-30912.0
-1532.0
24300.0
25204.0
8553.0
12073.0
7152.0
16654.0
-1443.0
-15526.0
-26787.0
-6616.0
-7251.0
-11487.0
13462.0
32169.0
33956.0
28248.0
4625.0
-5953.0
3137.0
-15867.0
-28291.0
-11171.0
15311.0
15937.0
-2653.0
-2910.0
11334.0
23409.0
31052.0
19649.0
-4932.0
7965.0
15485.0
3633.0
2350.0
15022.0
9431.0
-4858.0
16387.0
28464.0
14389.0
1759.0
9256.0
-3972.0
1650.0
5053.0
2022.0
7137.0
-7296.0
-10413.0
1029.0
17394.0
28987.0
22909.0
878.0
6974.0
-3857.0
6275.0
7748.0
19799.0
13226.0
26414.0
4679.0
11381.0
27853.0
-1900.0
18162.0
11004.0
24454.0
-13142.0
14956.0
6356.0
8279.0
8791.0
16238.0
15986.0
41973.0
30790.0
37044.0
5927.0
10967.0
18674.0
27734.0
21466.0
26686.0
44442.0
33405.0
37356.0
11459.0
26682.0
21045.0
16178.0
-17687.0
-18823.0
3521.0
15949.0
42830.0
24582.0
-3313.0
-7046.0
664.0
5663.0
6812.0
-15292.0
-7382.0
10956.0
24919.0
18917.0
16478.0
8054.0
6933.0
290.0
-9909.0
-13951.0
-7869.0
12604.0
-10129.0
-8299.0
18186.0
15000.0
11966.0
16131.0
4673.0
12435.0
23481.0
4468.0
-10291.0
19403.0
34822.0
20526.0
11796.0
7879.0
37812.0
38912.0
36220.0
23851.0
12636.0
28822.0
32941.0
12151.0
19832.0
23909.0
21628.0
25299.0
6979.0
19415.0
58022.0
31676.0
56195.0
79776.0
41400.0
24738.0
5480.0
2350.0
-5888.0
15125.0
43389.0
71030.0
42516.0
16106.0
-6016.0
8367.0
17414.0
26027.0
29511.0
39445.0
36930.0
44676.0
11417.0
8377.0
9261.0
27694.0
-4211.0
-3986.0
-22251.0
15960.0
29616.0
20008.0
-2460.0
-18041.0
3744.0
20243.0
44117.0
23858.0
36446.0
19940.0
3391.0
-3950.0
-10448.0
8599.0
2272.0
18360.0
859.0
-5287.0
2947.0
18248.0
16327.0
-2591.0
26367.0
17152.0
11149.0
13091.0
5409.0
-5706.0
5642.0
7515.0
-3949.0
-5053.0
-24930.0
645.0
-23788.0
-23301.0
-3957.0
5032.0
9110.0
7536.0
-25763.0
-29493.0
-21455.0
-4995.0
-2134.0
11431.0
2340.0
-1524.0
-10469.0
1893.0
-3352.0
-18311.0
-2696.0
6442.0
-2573.0
-4143.0
18612.0
10723.0
3505.0
-26982.0
8077.0
9138.0
16381.0
6470.0
-7336.0
-14602.0
4732.0
16140.0
-3822.0
5656.0
-3958.0
5079.0
8973.0
3207.0
-7922.0
-7982.0
-14848.0
-35816.0
-10231.0
6067.0
-1571.0
3036.0
3818.0
24185.0
6041.0
19679.0
-26618.0
13936.0
-6588.0
33357.0
7147.0
4134.0
6213.0
-352.0
-5708.0
-22439.0
1798.0
2494.0
10370.0
-6262.0
2055.0
-817.0
18345.0
24862.0
2322.0
-10072.0
-257.0
3002.0
23971.0
-10154.0
-4685.0
16194.0
2219.0
17183.0
20207.0
-3410.0
-12753.0
-12146.0
-31154.0
-14841.0
-8450.0
-7020.0
-8252.0
-16548.0
12087.0
1853.0
1967.0
3886.0
-14196.0
12681.0
-17555.0
-444.0
-13288.0
-11879.0
-18991.0
-3145.0
-3310.0
3131.0
-15814.0
-18406.0
24098.0
6670.0
3489.0
-18289.0
-4921.0
8992.0
-13213.0
-4613.0
-14678.0
18361.0
34418.0
14766.0
-2745.0
-1289.0
9875.0
1187.0
-1845.0
12575.0
-15580.0
-9407.0
-12168.0
5650.0
12488.0
7783.0
20642.0
21043.0
27111.0
10083.0
-1108.0
382.0
-18884.0
-3435.0
-12322.0
4745.0
-8542.0
-2102.0
8856.0
5099.0
-3588.0
-13164.0
459.0
29808.0
16895.0
294.0
13605.0
3616.0
18504.0
31145.0
8656.0
17392.0
24335.0
599.0
9073.0
12262.0
1684.0
-2730.0
372.0
-8635.0
12091.0
-9914.0
5324.0
2409.0
10460.0
2758.0
1549.0
-22900.0
-13305.0
19003.0
-476.0
5422.0
-14328.0
433.0
15481.0
3958.0
-2178.0
10644.0
13376.0
-1561.0
19678.0
-15511.0
7031.0
-8222.0
66.0
-3379.0
15874.0
17216.0
-13054.0
-7241.0
3736.0
-18525.0
974.0
-19702.0
-3557.0
22360.0
13414.0
7588.0
12898.0
8562.0
21947.0
-1966.0
-4668.0
-10680.0
-23493.0
-10263.0
17267.0
3068.0
16978.0
-6484.0
10379.0
13900.0
-15889.0
-8661.0
-11157.0
-15662.0
16828.0
13473.0
42196.0
22162.0
24976.0
12117.0
14495.0
-13908.0
-3880.0
2340.0
10335.0
14934.0
21269.0
-2635.0
26178.0
13115.0
-2832.0
16351.0
50769.0
34104.0
46290.0
39038.0
48146.0
55517.0
35352.0
36387.0
35435.0
2849.0
13058.0
20465.0
16402.0
22712.0
6565.0
14416.0
9947.0
12901.0
7570.0
-13959.0
3909.0
24525.0
13333.0
18137.0
12165.0
13390.0
-9333.0
7578.0
7856.0
15366.0
10311.0
488.0
27723.0
18768.0
-9402.0
15852.0
17434.0
-8504.0
6306.0
5394.0
5848.0
18393.0
-5334.0
12948.0
12281.0
-1911.0
-12364.0
28322.0
2367.0
-3524.0
-14550.0
-1870.0
-1649.0
31391.0
2530.0
6195.0
14360.0
39275.0
13308.0
14355.0
14705.0
3597.0
15216.0
15873.0
8146.0
6627.0
6440.0
1402.0
305.0
356.0
-2094.0
-1648.0
-9045.0
19950.0
17504.0
31865.0
17847.0
27352.0
10398.0
8544.0
8770.0
-4104.0
5506.0
6493.0
13142.0
27271.0
11134.0
25164.0
17969.0
-2460.0
-4383.0
1062.0
6308.0
4416.0
-22045.0
3167.0
11690.0
-16954.0
-12096.0
15786.0
36408.0
23760.0
20621.0
4061.0
9069.0
10772.0
5438.0
-18485.0
25511.0
15597.0
4172.0
30411.0
22415.0
19989.0
4555.0
-31460.0
-3458.0
717.0
30183.0
34742.0
-13118.0
6852.0
21221.0
32099.0
49608.0
31434.0
22632.0
-2634.0
-87.0
24441.0
-3720.0
-19763.0
3822.0
13726.0
-4267.0
8881.0
7475.0
21057.0
18672.0
26143.0
11182.0
24552.0
12497.0
10868.0
31722.0
24118.0
27892.0
-2063.0
26039.0
29823.0
23328.0
26726.0
25236.0
22078.0
16051.0
6639.0
28519.0
2139.0
-6970.0
-1116.0
38365.0
9354.0
3151.0
-14839.0
-23552.0
3353.0
11478.0
9711.0
8443.0
10308.0
17629.0
16421.0
-8740.0
4333.0
31134.0
43626.0
58295.0
27072.0
18527.0
14213.0
11935.0
22353.0
20551.0
24636.0
2560.0
28601.0
11941.0
5453.0
19176.0
44498.0
23771.0
20217.0
13538.0
27967.0
42234.0
11861.0
34598.0
26072.0
12979.0
31730.0
35208.0
37567.0
20480.0
18111.0
16473.0
12931.0
28762.0
2141.0
15859.0
-7869.0
1313.0
11516.0
7064.0
17628.0
9845.0
35258.0
30613.0
11642.0
6483.0
21396.0
14043.0
34901.0
504.0
3644.0
19683.0
-2636.0
11793.0
1982.0
-18456.0
-2839.0
24527.0
1093.0
16387.0
18908.0
26817.0
21301.0
16886.0
7564.0
5846.0
10573.0
26831.0
19616.0
6192.0
-8901.0
20261.0
-5186.0
10903.0
2479.0
17900.0
2612.0
26288.0
8108.0
-9415.0
19919.0
33708.0
5625.0
15592.0
37214.0
6028.0
-6074.0
898.0
1702.0
2071.0
27353.0
35753.0
-766.0
35924.0
41322.0
23824.0
19759.0
45371.0
40931.0
13559.0
51456.0
39721.0
38071.0
28534.0
18739.0
8675.0
46292.0
25912.0
22848.0
3985.0
18693.0
19531.0
7974.0
7738.0
20925.0
13559.0
44745.0
30096.0
4129.0
23820.0
31267.0
14114.0
39572.0
403.0
25428.0
41853.0
49828.0
45779.0
22206.0
30567.0
36115.0
43142.0
16926.0
5858.0
12826.0
23355.0
34004.0
35431.0
20049.0
19544.0
35950.0
53839.0
20249.0
24757.0
31815.0
12767.0
51217.0
24483.0
36276.0
29538.0
21951.0
38354.0
15237.0
30200.0
14853.0
34086.0
18146.0
44007.0
59834.0
28216.0
48259.0
36100.0
44119.0
46190.0
55575.0
49016.0
43819.0
53931.0
36591.0
31634.0
47044.0
50098.0
38690.0
45958.0
34157.0
33577.0
52277.0
61783.0
55634.0
50961.0
43146.0
37417.0
30926.0
35992.0
17323.0
47692.0
45385.0
48131.0
66212.0
56628.0
45215.0
24984.0
26992.0
19577.0
36960.0
34296.0
55956.0
65605.0
61305.0
56508.0
36247.0
66329.0
48052.0
60747.0
67557.0
73473.0
47218.0
52175.0
62753.0
48440.0
47507.0
63102.0
52137.0
67536.0
32567.0
19137.0
36915.0
57316.0
47106.0
42794.0
72865.0
68789.0
78397.0
98334.0
38440.0
38833.0
60615.0
49061.0
48459.0
58107.0
59910.0
50174.0
75017.0
37577.0
51616.0
59731.0
105460.0
72410.0
81854.0
111958.0
83204.0
95549.0
97999.0
73622.0
75062.0
88505.0
119914.0
129332.0
134203.0
111244.0
111821.0
143290.0
181731.0
219072.0
316616.0
444338.0
352227.0
199756.0
158771.0
122625.0
120331.0
83151.0
106315.0
123688.0
112432.0
105602.0
111471.0
109984.0
101188.0
114160.0
100926.0
129706.0
113283.0
134637.0
114655.0
145342.0
145318.0
128258.0
146513.0
137664.0
151705.0
141833.0
137427.0
145738.0
148798.0
166349.0
159138.0
134239.0
137217.0
166095.0
175395.0
188666.0
177607.0
191222.0
170889.0
179488.0
200355.0
217170.0
225909.0
237573.0
229485.0
237530.0
233742.0
240234.0
267734.0
263290.0
291339.0
294240.0
326699.0
320374.0
353792.0
382362.0
414982.0
408864.0
407791.0
439595.0
479154.0
522395.0
547764.0
579422.0
615990.0
665725.0
749679.0
820942.0
921488.0
1083593.0
1282427.0
1576734.0
2044948.0
3017220.0
4681908.0
6078423.0
8532898.0
1.8340742E7
4.4613296E7
7.1373568E7
3.918752E7
1.5014154E7
6283723.0
3548596.0
2078874.0
754094.0
162620.0
-62441.0
-132812.0
-164666.0
-196766.0
-219051.0
-202238.0
-237279.0
-230743.0
-244622.0
-221137.0
-232419.0
-229773.0
-210885.0
-197459.0
-205958.0
-216749.0
-205509.0
-183293.0
-197563.0
-182951.0
-170232.0
-148468.0
-143410.0
-133619.0
-157144.0
-149552.0
-149335.0
-158408.0
-155604.0
-142502.0
-148973.0
-144521.0
-125629.0
-133485.0
-140184.0
-108557.0
-133789.0
-96067.0
-132507.0
-121620.0
-103003.0
-109664.0
-92900.0
-114061.0
-118998.0
-108680.0
-115477.0
-110735.0
-93963.0
-94360.0
-98337.0
-124290.0
-113249.0
-77908.0
-103080.0
-85390.0
-85780.0
-47225.0
-59889.0
-66412.0
-62090.0
-82968.0
-68631.0
-58999.0
-47636.0
-68161.0
-84717.0
-75320.0
-62259.0
-64932.0
-53578.0
-13886.0
34971.0
186304.0
264369.0
115016.0
1425.0
-57552.0
-48310.0
-65862.0
-66634.0
-95540.0
-89108.0
-71583.0
-86718.0
-65827.0
-30547.0
-67661.0
-53710.0
-48047.0
-34919.0
-55812.0
-73071.0
-62444.0
-69724.0
-62709.0
-63982.0
-82896.0
-75007.0
-78524.0
-66866.0
-53301.0
-59918.0
-52443.0
-39318.0
-64061.0
-51546.0
-69932.0
-58041.0
-59164.0
-43664.0
-36671.0
-46478.0
-51806.0
-49107.0
-30873.0
-31518.0
-37223.0
-29928.0
-49834.0
-39437.0
-39576.0
-47117.0
-61892.0
-52051.0
-36270.0
-47697.0
-50261.0
-57425.0
-55529.0
-58007.0
-45448.0
-39155.0
-42424.0
-45333.0
-19266.0
-31564.0
-34182.0
-31717.0
-23992.0
-28986.0
-44175.0
-75864.0
-65032.0
-49217.0
-45501.0
-59853.0
-25637.0
-36128.0
-23686.0
-34652.0
-54147.0
-70382.0
-77823.0
-61472.0
-77044.0
-46962.0
-45056.0
-30831.0
-27274.0
-53528.0
-8561.0
-12384.0
-43335.0
-37172.0
-50587.0
-58588.0
-51217.0
-34450.0
-20907.0
-17253.0
-23497.0
-30716.0
-54853.0
-57259.0
-40474.0
-47528.0
-34356.0
-47881.0
-62608.0
-33820.0
-36764.0
-41911.0
-17741.0
-42352.0
-35077.0
-27214.0
-24916.0
160.0
-28922.0
-51160.0
-49144.0
-59508.0
-32468.0
-34411.0
-35281.0
-37982.0
-43237.0
-33706.0
-38247.0
-38171.0
-30993.0
-49182.0
-50587.0
-41833.0
-30997.0
-29597.0
-38035.0
-31689.0
-18468.0
-16458.0
-13528.0
-21894.0
-15134.0
-28043.0
-31323.0
-52992.0
-37092.0
-22146.0
-39864.0
-44576.0
-60719.0
-51345.0
-42213.0
-33926.0
-39475.0
-42849.0
-33299.0
-28190.0
-31797.0
-11193.0
-48802.0
-56050.0
-34027.0
-28886.0
-28233.0
-37339.0
-50650.0
-43744.0
-41419.0
-36091.0
-2818.0
-38718.0
-28470.0
-9962.0
-14085.0
-7634.0
-28861.0
-23275.0
-15740.0
-32946.0
-26182.0
-25322.0
-6356.0
-20734.0
-29460.0
-26409.0
-23838.0
-8942.0
-55682.0
-29189.0
-24377.0
-32133.0
-14828.0
-28275.0
-39322.0
-15633.0
-29512.0
-54595.0
-31533.0
-19717.0
-27173.0
-26150.0
-28884.0
-25245.0
-20109.0
-15782.0
-29755.0
-24324.0
-19579.0
-6997.0
-21704.0
-7931.0
-15216.0
-30660.0
-30920.0
-18736.0
-45843.0
-32077.0
-26146.0
-15257.0
-16875.0
-19042.0
-19516.0
-24387.0
-8344.0
-11187.0
-8528.0
-6578.0
-6168.0
-5418.0
2904.0
-20418.0
-27696.0
-33272.0
-43263.0
-25148.0
-19079.0
-16863.0
-24509.0
-41060.0
-34493.0
-1689.0
-22877.0
-21372.0
-1394.0
-15991.0
-29883.0
-40477.0
-40457.0
-21307.0
-27713.0
-26310.0
-31695.0
-11059.0
-33501.0
-19163.0
-35146.0
-38036.0
-35687.0
-40370.0
-10996.0
-15413.0
3750.0
-28627.0
-23410.0
-22716.0
-22958.0
-32815.0
-32779.0
-40403.0
-40782.0
-11106.0
-39970.0
-13147.0
-32975.0
-17917.0
-26994.0
-7783.0
1763.0
-6426.0
-42322.0
-12614.0
434.0
-3930.0
-8626.0
2656.0
18847.0
-9843.0
-419.0
-11691.0
-16691.0
-35140.0
-9925.0
-3438.0
-29966.0
-5588.0
-10195.0
13781.0
6557.0
4538.0
2300.0
-26856.0
-6312.0
-18427.0
4917.0
-4197.0
-1646.0
-17783.0
-1033.0
-35725.0
-27375.0
-16203.0
-37547.0
-21522.0
-18532.0
-471.0
-22544.0
-32796.0
-34321.0
-30587.0
-15623.0
-8036.0
-7217.0
-29414.0
-31260.0
-40946.0
-20402.0
-16852.0
-45918.0
-61901.0
-25256.0
-12291.0
-20780.0
-14586.0
-17887.0
-36557.0
-45730.0
-45309.0
-36126.0
-11261.0
-5539.0
-29251.0
-24366.0
-50406.0
-12015.0
-13516.0
-17063.0
-12650.0
-19959.0
-37452.0
-30347.0
-11919.0
-5843.0
-18892.0
5860.0
-25248.0
-28694.0
99.0
-11719.0
-19379.0
-23370.0
-13645.0
-8896.0
-36861.0
-26467.0
-22853.0
-43809.0
-34625.0
-20145.0
-5615.0
-23555.0
-34650.0
-20366.0
-21695.0
-12953.0
-8019.0
-2036.0
-25831.0
-3761.0
-7727.0
12337.0
13991.0
-3729.0
-13134.0
-11070.0
1586.0
-11288.0
-5847.0
-10556.0
-4795.0
-16443.0
-33281.0
-10292.0
-33896.0
-16967.0
-17014.0
-40621.0
-2053.0
-5441.0
-23876.0
-32133.0
-17891.0
-29259.0
-5733.0
-5558.0
-17567.0
-7060.0
-14583.0
-27396.0
-45004.0
-23113.0
8867.0
-5373.0
-21191.0
-7555.0
-7858.0
-12884.0
-15470.0
-30234.0
-23778.0
-27325.0
19.0
-21630.0
-13601.0
-25561.0
-38395.0
-32123.0
-31243.0
-9947.0
-4937.0
-18955.0
-10670.0
-20797.0
-12470.0
-8808.0
-16883.0
-2135.0
-13325.0
-25192.0
-30219.0
-1755.0
-11075.0
-18066.0
-29181.0
-10295.0
-6097.0
-17695.0
7314.0
-12872.0
-11544.0
13632.0
3046.0
-15733.0
-6831.0
-18716.0
-12383.0
-3450.0
-20636.0
-49977.0
-11676.0
779.0
5020.0
-9895.0
5165.0
-4987.0
-16265.0
1743.0
15847.0
25521.0
-1103.0
-12579.0
-11085.0
-3191.0
6314.0
-2841.0
2631.0
-747.0
-18917.0
-26584.0
-7192.0
-26029.0
-20350.0
-31651.0
-10383.0
20751.0
-8002.0
-10084.0
-17006.0
-34015.0
-8234.0
-24630.0
-15277.0
-19947.0
-8261.0
3615.0
-23935.0
993.0
-32952.0
-7738.0
-10830.0
-527.0
-16045.0
-1996.0
-21536.0
-5889.0
-14436.0
-24321.0
-524.0
11340.0
-21670.0
-27288.0
-5297.0
-23958.0
17143.0
-10988.0
16147.0
9079.0
-5070.0
-6099.0
-18610.0
880.0
-20492.0
-34202.0
-25086.0
-17913.0
-6505.0
-8320.0
6370.0
18994.0
-14831.0
-39532.0
-5230.0
-16746.0
-28815.0
-14868.0
-7399.0
-23916.0
-5073.0
-4677.0
-40469.0
-13189.0
-21093.0
-14564.0
-13831.0
-5292.0
-15580.0
-36107.0
-31191.0
-16561.0
-27517.0
-21077.0
-32183.0
-2711.0
-24238.0
358.0
537.0
732.0
2625.0
-1024.0
12121.0
-13037.0
-14999.0
-42888.0
-21202.0
-7722.0
-7652.0
-18968.0
-26215.0
-19264.0
-11324.0
-10451.0
-23796.0
-9301.0
2784.0
4741.0
7033.0
-29748.0
-31543.0
-39654.0
-15314.0
-5244.0
-22353.0
-12104.0
-9580.0
4537.0
-3577.0
-22258.0
5097.0
-21527.0
-7648.0
-41369.0
-21555.0
-42496.0
-19433.0
-27820.0
-31715.0
-40850.0
-9024.0
-13693.0
-3495.0
4271.0
1186.0
-27057.0
-11448.0
6888.0
-18215.0
-20450.0
-9545.0
-25211.0
-13949.0
-8207.0
-6828.0
-1085.0
-3754.0
-3449.0
-1666.0
-17054.0
-9392.0
-13399.0
-17157.0
-24268.0
-21143.0
-16001.0
-2704.0
-8310.0
-12657.0
-26257.0
6960.0
948.0
6088.0
-1578.0
-9514.0
-19126.0
-7452.0
-9334.0
146.0
2625.0
-2706.0
-29833.0
-39313.0
-30832.0
-22896.0
-18980.0
-26885.0
-6016.0
-9421.0
-9216.0
-10029.0
-3831.0
-3925.0
-26277.0
-138.0
-2779.0
-8881.0
-5037.0
-3920.0
-16094.0
-8789.0
-24631.0
-7568.0
7255.0
-12468.0
-20240.0
15935.0
-976.0
-12777.0
-16572.0
-8607.0
223.0
-2049.0
5797.0
-5888.0
-22428.0
-7742.0
-15249.0
-15009.0
-20453.0
-14530.0
-4999.0
-28227.0
-21928.0
-28168.0
-19739.0
-1541.0
-3058.0
-4508.0
-7306.0
-8828.0
-27081.0
-9162.0
-18682.0
-7654.0
-1447.0
3992.0
4344.0
22759.0
15529.0
-9852.0
7037.0
-14537.0
-11930.0
-11489.0
-9863.0
7860.0
-29430.0
-13393.0
-15270.0
-32463.0
-17744.0
796.0
-7835.0
-10168.0
-7881.0
-17720.0
-22698.0
-11087.0
-11688.0
-959.0
-3336.0
-7803.0
588.0
-12415.0
-7613.0
-935.0
-200.0
1712.0
-3860.0
-2156.0
2789.0
-16086.0
-5349.0
-215.0
-6594.0
-14738.0
-2143.0
-9070.0
-2405.0
-12321.0
-15565.0
-17434.0
-9088.0
-27549.0
-8119.0
-1482.0
-1192.0
-13331.0
1434.0
